name CBI
internalname Courier-BoldOblique
slant 12
spacewidth 600
encoding text.enc
charset
ha	600,616,0,5,-121,5	2	0000	asciicircum
ti	600,356,0,39,-70,39	0	0001	asciitilde
vS	600,790,22,122,-4,75	2	0002	Scaron
vZ	600,790,0,109,-12,75	2	0003	Zcaron
vs	600,667,17,82,-17,75	2	0004	scaron
vz	600,667,0,82,-31,75	2	0005	zcaron
:Y	600,748,0,158,-59,75	2	0006	Ydieresis
tm	600,562,0,318,-36,75	2	0007	trademark
aq	600,562,0,0,-254	2	0010	quotesingle
space	600	0	0040
!	600,572,15,0,-166	2	0041	exclam
"	600,562,0,34,-162,34	2	0042	quotedbl
#	600,651,45,90,-38,75	2	0043	numbersign
sh	"
$	600,666,126,79,-37,75	2	0044	dollar
Do	"
%	600,616,15,74,-52,74	2	0045	percent
&	600,543,15,44,-12,44	0	0046	ampersand
'	600,562,0,0,-180	2	0047	quoteright
(	600,616,102,42,-216,42	2	0050	parenleft
)	600,616,102,0,-67	2	0051	parenright
*	600,601,0,47,-129,47	2	0052	asterisk
+	600,478,0,46,-64,46	0	0053	plus
,	600,174,111,0,-49	0	0054	comma
-	600,313,0,17,-93,17	0	0055	hyphen
hy	"
char173	"
.	600,171,15,0,-157	0	0056	period
/	600,626,77,76,-41,75	2	0057	slash
sl	"
0	600,616,15,42,-86,42	2	0060	zero
1	600,616,0,11,-43,11	2	0061	one
2	600,616,0,43,-11,43	2	0062	two
3	600,616,15,21,-22,21	2	0063	three
4	600,616,0,8,-32,8	2	0064	four
5	600,601,15,71,-27,71	2	0065	five
6	600,616,15,102,-86,75	2	0066	six
7	600,601,0,72,-97,72	2	0067	seven
8	600,616,15,54,-65,54	2	0070	eight
9	600,616,15,42,-26,42	2	0071	nine
:	600,425,15,0,-156	0	0072	colon
;	600,425,111,0,-49	0	0073	semicolon
<	600,501,0,62,-71,62	0	0074	less
=	600,398,0,64,-46,64	0	0075	equal
>	600,501,0,39,-47,39	0	0076	greater
?	600,580,14,41,-133,41	2	0077	question
@	600,616,15,91,-16,75	2	0100	at
at	"
A	600,562,0,81,59,75	2	0101	A
B	600,562,0,79,20,75	2	0102	B
C	600,580,18,124,-25,75	2	0103	C
D	600,562,0,114,20,75	2	0104	D
E	600,562,0,119,25,75	2	0105	E
F	600,562,0,133,11,75	2	0106	F
G	600,580,18,124,-25,75	2	0107	G
H	600,562,0,149,30,75	2	0110	H
I	600,562,0,92,-27,75	2	0111	I
J	600,562,18,170,-9,75	2	0112	J
K	600,562,0,141,29,75	2	0113	K
L	600,562,0,85,11,75	2	0114	L
M	600,562,0,171,52,75	2	0115	M
N	600,562,12,179,42,75	2	0116	N
O	600,580,18,95,-24,75	2	0117	O
P	600,562,0,92,2,75	2	0120	P
Q	600,580,138,86,-34,75	2	0121	Q
R	600,562,0,67,26,67	2	0122	R
S	600,582,22,122,-4,75	2	0123	S
T	600,562,0,128,-36,75	2	0124	T
U	600,562,18,165,-51,75	2	0125	U
V	600,562,0,182,-34,75	2	0126	V
W	600,562,0,187,-34,75	2	0127	W
X	600,562,0,139,38,75	2	0130	X
Y	600,562,0,158,-59,75	2	0131	Y
Z	600,562,0,86,-12,75	2	0132	Z
[	600,616,102,56,-173,56	2	0133	bracketleft
lB	"
\	600,626,77,0,-173	2	0134	backslash
rs	"
]	600,616,102,0,-53	2	0135	bracketright
rB	"
a^	600,657,0,56,-162,56	2	0136	circumflex
^	"
_	600,0,125,34,77,34	0	0137	underscore
`	600,562,0,0,-247	2	0140	quoteleft
oq	"
a	600,454,15,42,-12,42	0	0141	a
b	600,626,15,86,37,75	2	0142	b
c	600,459,15,81,-31,75	0	0143	c
d	600,626,15,94,-11,75	2	0144	d
e	600,454,15,54,-31,54	0	0145	e
f	600,626,0,127,-33,75	2	0146	f
g	600,454,146,123,9,75	1	0147	g
h	600,626,0,64,32,64	2	0150	h
i	600,658,0,0,-27	2	0151	i
j	600,658,146,30,13,30	3	0152	j
k	600,626,0,92,17,75	2	0153	k
l	600,626,0,0,-27	2	0154	l
m	600,454,0,98,72,75	0	0155	m
n	600,454,0,64,32,64	0	0156	n
o	600,454,15,72,-21,72	0	0157	o
p	600,454,142,72,81,72	1	0160	p
q	600,454,142,134,-11,75	1	0161	q
r	600,454,0,104,3,75	0	0162	r
s	600,459,17,57,-17,57	0	0163	s
t	600,562,15,16,-68,16	2	0164	t
u	600,439,15,41,-20,41	0	0165	u
v	600,439,0,144,-20,75	0	0166	v
w	600,439,0,161,-3,75	0	0167	w
x	600,439,0,120,44,75	0	0170	x
y	600,439,142,144,70,75	1	0171	y
z	600,439,0,63,-31,63	0	0172	z
lC	600,616,102,45,-154,45	2	0173	braceleft
{	"
ba	600,750,250,0,-152	3	0174	bar
|	"
rC	600,616,102,0,-64	2	0175	braceright
}	"
a~	600,636,0,92,-150,75	2	0176	tilde
~	"
bq	600,143,142,0,-95	1	0200	quotesinglbase
Fo	600,446,0,88,-13,75	0	0201	guillemotleft
char171	"
Fc	600,446,0,97,-22,75	0	0202	guillemotright
char187	"
bu	600,430,0,0,-147	0	0203	bullet
Fn	600,616,131,151,106,75	2	0204	florin
f/	600,661,60,157,28,75	2	0205	fraction
%0	600,616,15,192,94,75	2	0206	perthousand
dg	600,580,70,36,-126,36	2	0207	dagger
dd	600,580,70,36,-72,36	2	0210	daggerdbl
en	600,313,0,52,-58,52	0	0211	endash
em	600,313,0,127,17,75	0	0212	emdash
fi	600,626,0,93,38,75	2	0214	fi
fl	600,626,0,93,38,75	2	0215	fl
.i	600,439,0,0,-27	0	0220	dotlessi
ga	600,661,0,0,-222	2	0222	grave
a"	600,661,0,178,-122,75	2	0223	hungarumlaut
a.	600,625,0,0,-296	2	0224	dotaccent
ab	600,631,0,101,-167,75	2	0225	breve
ah	600,667,0,82,-188,75	2	0226	caron
ao	600,678,0,0,-269	2	0227	ring
ho	600,0,199,0,-94	1	0230	ogonek
lq	600,562,0,44,-140,44	2	0231	quotedblleft
rq	600,562,0,94,-70,75	2	0232	quotedblright
oe	600,454,15,111,31,75	0	0233	oe
/l	600,626,0,28,-27,28	2	0234	lslash
Bq	600,143,142,9,15,9	1	0235	quotedblbase
OE	600,562,0,150,24,75	2	0236	OE
/L	600,562,0,85,11,75	2	0237	Lslash
r!	600,449,146,0,-147	1	0241	exclamdown
char161	"
ct	600,614,49,54,-71,54	2	0242	cent
char162	"
Po	600,611,28,100,-57,75	2	0243	sterling
char163	"
Cs	600,517,0,93,-27,75	0	0244	currency
char164	"
Ye	600,562,0,159,-48,75	2	0245	yen
char165	"
bb	600,675,175,0,-168	3	0246	brokenbar
char166	"
sc	600,580,70,69,-24,69	2	0247	section
char167	"
ad	600,625,0,42,-194,42	2	0250	dieresis
char168	"
co	600,580,18,117,-3,75	2	0251	copyright
char169	"
Of	600,580,0,0,-139	2	0252	ordfeminine
char170	"
fo	600,446,0,0,-146	0	0253	guilsinglleft
no	600,413,0,67,-85,67	0	0254	logicalnot
char172	"
\-	600,313,0,46,-64,46	0	0255	minus
rg	600,580,18,117,-3,75	2	0256	registered
char174	"
a-	600,585,0,86,-145,75	2	0257	macron
char175	"
de	600,616,0,19,-123,19	2	0260	degree
char176	"
char177	600,515,0,64,-26,64	0	0261	plusminus
S2	600,616,0,0,-142	2	0262	twosuperior
char178	"
S3	600,616,0,0,-143	2	0263	threesuperior
char179	"
aa	600,661,0,58,-263,58	2	0264	acute
char180	"
char181	600,439,142,41,0,41	1	0265	mu
ps	600,580,70,149,-11,75	2	0266	paragraph
char182	"
char183	600,351,0,0,-199	0	0267	periodcentered
ac	600,0,206,0,-119	1	0270	cedilla
char184	"
S1	600,616,0,0,-163	2	0271	onesuperior
char185	"
Om	600,580,0,0,-139	2	0272	ordmasculine
char186	"
fc	600,446,0,0,-116	0	0273	guilsinglright
14	600,661,60,156,36,75	2	0274	onequarter
char188	"
12	600,661,60,165,27,75	2	0275	onehalf
char189	"
34	600,661,60,148,42,75	2	0276	threequarters
char190	"
r?	600,449,146,0,-51	1	0277	questiondown
char191	"
`A	600,784,0,81,59,75	2	0300	Agrave
char192	"
'A	600,784,0,115,59,75	2	0301	Aacute
char193	"
^A	600,780,0,81,59,75	2	0302	Acircumflex
char194	"
~A	600,759,0,88,59,75	2	0303	Atilde
char195	"
:A	600,748,0,81,59,75	2	0304	Adieresis
char196	"
oA	600,801,0,81,59,75	2	0305	Aring
char197	"
AE	600,562,0,157,79,75	2	0306	AE
char198	"
,C	600,580,206,124,-24,75	3	0307	Ccedilla
char199	"
`E	600,784,0,119,25,75	2	0310	Egrave
char200	"
'E	600,784,0,119,25,75	2	0311	Eacute
char201	"
^E	600,780,0,119,25,75	2	0312	Ecircumflex
char202	"
:E	600,748,0,119,25,75	2	0313	Edieresis
char203	"
`I	600,784,0,92,-27,75	2	0314	Igrave
char204	"
'I	600,784,0,92,-27,75	2	0315	Iacute
char205	"
^I	600,780,0,92,-27,75	2	0316	Icircumflex
char206	"
:I	600,748,0,92,-27,75	2	0317	Idieresis
char207	"
-D	600,562,0,114,20,75	2	0320	Eth
char208	"
~N	600,759,12,179,42,75	2	0321	Ntilde
char209	"
`O	600,784,18,95,-24,75	2	0322	Ograve
char210	"
'O	600,784,18,95,-24,75	2	0323	Oacute
char211	"
^O	600,780,18,95,-24,75	2	0324	Ocircumflex
char212	"
~O	600,759,18,118,-24,75	2	0325	Otilde
char213	"
:O	600,748,18,95,-24,75	2	0326	Odieresis
char214	"
char215	600,478,0,56,-55,56	0	0327	multiply
/O	600,584,22,122,2,75	2	0330	Oslash
char216	"
`U	600,784,18,165,-51,75	2	0331	Ugrave
char217	"
'U	600,784,18,165,-51,75	2	0332	Uacute
char218	"
^U	600,780,18,165,-51,75	2	0333	Ucircumflex
char219	"
:U	600,748,18,165,-51,75	2	0334	Udieresis
char220	"
'Y	600,784,0,158,-59,75	2	0335	Yacute
char221	"
TP	600,562,0,69,2,69	2	0336	Thorn
char222	"
ss	600,626,15,78,28,75	2	0337	germandbls
char223	"
`a	600,661,15,42,-12,42	2	0340	agrave
char224	"
'a	600,661,15,58,-12,58	2	0341	aacute
char225	"
^a	600,657,15,42,-12,42	2	0342	acircumflex
char226	"
~a	600,636,15,92,-12,75	2	0343	atilde
char227	"
:a	600,625,15,42,-12,42	2	0344	adieresis
char228	"
oa	600,678,15,42,-12,42	2	0345	aring
char229	"
ae	600,454,15,101,29,75	0	0346	ae
char230	"
,c	600,459,206,81,-31,75	1	0347	ccedilla
char231	"
`e	600,661,15,54,-31,54	2	0350	egrave
char232	"
'e	600,661,15,58,-31,58	2	0351	eacute
char233	"
^e	600,657,15,56,-31,56	2	0352	ecircumflex
char234	"
:e	600,625,15,54,-31,54	2	0353	edieresis
char235	"
`i	600,661,0,0,-27	2	0354	igrave
char236	"
'i	600,661,0,58,-27,58	2	0355	iacute
char237	"
^i	600,657,0,16,-27,16	2	0356	icircumflex
char238	"
:i	600,625,0,2,-27,2	2	0357	idieresis
char239	"
Sd	600,626,27,111,-43,75	2	0360	eth
char240	"
~n	600,636,0,92,32,75	2	0361	ntilde
char241	"
`o	600,661,15,72,-21,72	2	0362	ograve
char242	"
'o	600,661,15,72,-21,72	2	0363	oacute
char243	"
^o	600,657,15,72,-21,72	2	0364	ocircumflex
char244	"
~o	600,636,15,92,-21,75	2	0365	otilde
char245	"
:o	600,625,15,72,-21,72	2	0366	odieresis
char246	"
char247	600,500,0,46,-64,46	0	0367	divide
/o	600,463,24,87,-5,75	0	0370	oslash
char248	"
`u	600,661,15,41,-20,41	2	0371	ugrave
char249	"
'u	600,661,15,58,-20,58	2	0372	uacute
char250	"
^u	600,657,15,41,-20,41	2	0373	ucircumflex
char251	"
:u	600,625,15,41,-20,41	2	0374	udieresis
char252	"
'y	600,661,142,144,70,75	3	0375	yacute
char253	"
Tp	600,626,142,72,81,72	3	0376	thorn
char254	"
:y	600,625,142,144,70,75	3	0377	ydieresis
char255	"
