name CBI
spacewidth 10
charset
---	10,9	0	00
---	10,1	0	040
!	10,11	0	041
"	10,11	0	042
dq	"
#	10,11,1	0	043
sh	"
$	10,12,1	0	044
Do	"
%	10,11	0	045
&	10,9	0	046
'	10,11	0	047
cq	"
(	10,11,2	0	050
)	10,11,2	0	051
*	10,11	0	052
+	10,9	0	053
,	10,2,3	0	054
\-	10,6	0	055
.	10,2	0	056
/	10,12,2	0	057
sl	"
0	10,11	0	060
1	10,11	0	061
2	10,11	0	062
3	10,11	0	063
4	10,11	0	064
5	10,11	0	065
6	10,11	0	066
7	10,11	0	067
8	10,11	0	070
9	10,11	0	071
:	10,7	0	072
;	10,7,3	0	073
<	10,9	0	074
=	10,7	0	075
>	10,9	0	076
?	10,10	0	077
@	10,11,1	0	0100
at	"
A	10,10	0	0101
B	10,10	0	0102
C	10,10	0	0103
D	10,10	0	0104
E	10,10	0	0105
F	10,10	0	0106
G	10,10	0	0107
H	10,10	0	0110
I	10,10	0	0111
J	10,10	0	0112
K	10,10	0	0113
L	10,10	0	0114
M	10,10	0	0115
N	10,10	0	0116
O	10,10	0	0117
P	10,10	0	0120
Q	10,10,2	0	0121
R	10,10	0	0122
S	10,10	0	0123
T	10,10	0	0124
U	10,10	0	0125
V	10,10	0	0126
W	10,10	0	0127
X	10,10	0	0130
Y	10,10	0	0131
Z	10,10	0	0132
[	10,11,2	0	0133
lB	"
\	10,12,2	0	0134
rs	"
]	10,11,2	0	0135
rB	"
^	10,11	0	0136
a^	"
ha	"
_	10,0,3	0	0137
`	10,11	0	0140
oq	"
a	10,7	0	0141
b	10,11	0	0142
c	10,7	0	0143
d	10,11	0	0144
e	10,7	0	0145
f	10,11	0	0146
g	10,7,3	0	0147
h	10,11	0	0150
i	10,10	0	0151
j	10,10,3	0	0152
k	10,11	0	0153
l	10,11	0	0154
m	10,7	0	0155
n	10,7	0	0156
o	10,7	0	0157
p	10,7,3	0	0160
q	10,7,3	0	0161
r	10,7	0	0162
s	10,7	0	0163
t	10,9	0	0164
u	10,7	0	0165
v	10,7	0	0166
w	10,7	0	0167
x	10,7	0	0170
y	10,7,3	0	0171
z	10,7	0	0172
{	10,11,2	0	0173
lC	"
|	10,11,2	0	0174
ba	"
}	10,11,2	0	0175
rC	"
~	10,6	0	0176
a~	"
ti	"
---	10,1	0	0240
r!	10,7,4	0	0241
ct	10,10	0	0242
Po	10,10	0	0243
Cs	10,8	0	0244
Ye	10,10	0	0245
bb	10,11,2	0	0246
sc	10,11,1	0	0247
ad	10,10	0	0250
co	10,10	0	0251
Of	10,10	0	0252
Fo	10,7	0	0253
tno	10,7	0	0254
-	10,6	0	0255
hy	"
rg	10,10	0	0256
a-	10,9	0	0257
de	10,11	0	0260
t+-	10,10	0	0261
S2	10,11	0	0262
S3	10,11	0	0263
aa	10,11	0	0264
mc	10,7,3	0	0265
ps	10,11,1	0	0266
pc	10,6	0	0267
ac	10,0,3	0	0270
S1	10,11	0	0271
Om	10,10	0	0272
Fc	10,7	0	0273
14	10,11	0	0274
12	10,11	0	0275
34	10,11	0	0276
r?	10,7,4	0	0277
`A	10,14	0	0300
'A	10,14	0	0301
^A	10,14	0	0302
~A	10,13	0	0303
:A	10,13	0	0304
oA	10,14	0	0305
AE	10,10	0	0306
,C	10,10,3	0	0307
`E	10,14	0	0310
'E	10,14	0	0311
^E	10,14	0	0312
:E	10,13	0	0313
`I	10,14	0	0314
'I	10,14	0	0315
^I	10,14	0	0316
:I	10,13	0	0317
-D	10,10	0	0320
~N	10,13	0	0321
`O	10,14	0	0322
'O	10,14	0	0323
^O	10,14	0	0324
~O	10,13	0	0325
:O	10,13	0	0326
tmu	10,8	0	0327
/O	10,10	0	0330
`U	10,14	0	0331
'U	10,14	0	0332
^U	10,14	0	0333
:U	10,13	0	0334
'Y	10,14	0	0335
TP	10,10	0	0336
ss	10,11	0	0337
`a	10,11	0	0340
'a	10,11	0	0341
^a	10,11	0	0342
~a	10,10	0	0343
:a	10,10	0	0344
oa	10,11	0	0345
ae	10,7	0	0346
,c	10,7,3	0	0347
`e	10,11	0	0350
'e	10,11	0	0351
^e	10,11	0	0352
:e	10,10	0	0353
`i	10,11	0	0354
'i	10,11	0	0355
^i	10,11	0	0356
:i	10,10	0	0357
Sd	10,12	0	0360
~n	10,10	0	0361
`o	10,11	0	0362
'o	10,11	0	0363
^o	10,11	0	0364
~o	10,10	0	0365
:o	10,10	0	0366
tdi	10,9	0	0367
/o	10,8,1	0	0370
`u	10,11	0	0371
'u	10,11	0	0372
^u	10,11	0	0373
:u	10,10	0	0374
'y	10,11,3	0	0375
Tp	10,11,3	0	0376
:y	10,10,3	0	0377
