name HR
spacewidth 5
charset
---	12,11	0	00
---	5,1	0	040
!	5,12	0	041
"	6,12	0	042
dq	"
#	9,11	0	043
sh	"
$	9,13,2	0	044
Do	"
%	14,12	0	045
&	11,12	0	046
'	3,12	0	047
cq	"
(	6,12,4	0	050
)	6,12,4	0	051
*	6,12	0	052
+	10,9	0	053
,	4,2,2	0	054
\-	5,5	0	055
.	4,2	0	056
/	5,12	0	057
sl	"
0	9,12	0	060
1	9,12	0	061
2	9,12	0	062
3	9,12	0	063
4	9,12	0	064
5	9,12	0	065
6	9,12	0	066
7	9,12	0	067
8	9,12	0	070
9	9,12	0	071
:	4,9	0	072
;	4,9,2	0	073
<	10,9	0	074
=	10,6	0	075
eq	"
>	10,9	0	076
?	9,12	0	077
@	17,12,2	0	0100
at	"
A	11,12	0	0101
B	11,12	0	0102
C	12,12	0	0103
D	12,12	0	0104
E	11,12	0	0105
F	10,12	0	0106
G	13,12	0	0107
H	12,12	0	0110
I	4,12	0	0111
J	8,12	0	0112
K	11,12	0	0113
L	9,12	0	0114
M	13,12	0	0115
N	12,12	0	0116
O	13,12	0	0117
P	11,12	0	0120
Q	13,12,1	0	0121
R	12,12	0	0122
S	11,12	0	0123
T	10,12	0	0124
U	12,12	0	0125
V	11,12	0	0126
W	15,12	0	0127
X	11,12	0	0130
Y	11,12	0	0131
Z	10,12	0	0132
[	5,12,3	0	0133
lB	"
\	5,12	0	0134
rs	"
]	5,12,3	0	0135
rB	"
^	8,12	0	0136
a^	"
ha	"
_	9,0,3	0	0137
`	6,13	0	0140
oq	"
a	9,9	0	0141
b	9,12	0	0142
c	8,9	0	0143
d	9,12	0	0144
e	9,9	0	0145
f	5,12	0	0146
g	9,9,4	0	0147
h	9,12	0	0150
i	3,12	0	0151
j	4,12,4	0	0152
k	8,12	0	0153
l	3,12	0	0154
m	14,9	0	0155
n	9,9	0	0156
o	9,9	0	0157
p	9,9,4	0	0160
q	9,9,4	0	0161
r	5,9	0	0162
s	8,9	0	0163
t	5,11	0	0164
u	9,9	0	0165
v	8,9	0	0166
w	12,9	0	0167
x	8,9	0	0170
y	8,9,3	0	0171
z	8,9	0	0172
{	6,12,4	0	0173
lC	"
|	4,12,4	0	0174
or	"
ba	"
}	6,12,4	0	0175
rC	"
~	10,6	0	0176
a~	"
ap	"
ti	"
---	5,1	0	0240
r!	6,9,3	0	0241
ct	9,11,2	0	0242
Po	9,12	0	0243
Cs	9,10	0	0244
Ye	9,12	0	0245
bb	4,12,4	0	0246
sc	9,12,3	0	0247
ad	5,12	0	0250
co	12,12	0	0251
Of	6,12	0	0252
Fo	9,8	0	0253
no	10,6	0	0254
-	5,5	0	0255
hy	"
rg	12,12	0	0256
a-	6,11	0	0257
de	7,12	0	0260
t+-	10,11	0	0261
S2	6,12	0	0262
S3	6,12	0	0263
aa	6,13	0	0264
mc	9,9,4	0	0265
ps	9,12,3	0	0266
pc	5,6	0	0267
ac	6,0,4	0	0270
S1	6,12	0	0271
Om	6,12	0	0272
Fc	9,8	0	0273
14	14,12	0	0274
12	14,13	0	0275
34	14,12	0	0276
r?	10,9,3	0	0277
`A	11,16	0	0300
'A	11,16	0	0301
^A	11,16	0	0302
~A	11,15	0	0303
:A	11,15	0	0304
oA	11,15	0	0305
AE	16,12	0	0306
,C	12,12,4	0	0307
`E	11,16	0	0310
'E	11,16	0	0311
^E	11,16	0	0312
:E	11,15	0	0313
`I	4,16	0	0314
'I	4,16	0	0315
^I	4,16	0	0316
:I	4,15	0	0317
-D	12,12	0	0320
~N	12,15	0	0321
`O	13,16	0	0322
'O	13,16	0	0323
^O	13,16	0	0324
~O	13,15	0	0325
:O	13,15	0	0326
tmu	10,8	0	0327
/O	13,13,1	0	0330
`U	12,16	0	0331
'U	12,16	0	0332
^U	12,16	0	0333
:U	12,15	0	0334
'Y	11,16	0	0335
TP	11,12	0	0336
ss	10,12	0	0337
`a	9,13	0	0340
'a	9,13	0	0341
^a	9,13	0	0342
~a	9,12	0	0343
:a	9,12	0	0344
oa	9,13	0	0345
ae	15,9	0	0346
,c	8,9,4	0	0347
`e	9,13	0	0350
'e	9,13	0	0351
^e	9,13	0	0352
:e	9,12	0	0353
`i	4,13	0	0354
'i	4,13	0	0355
^i	4,13	0	0356
:i	4,12	0	0357
Sd	9,12	0	0360
~n	9,12	0	0361
`o	9,13	0	0362
'o	9,13	0	0363
^o	9,13	0	0364
~o	9,12	0	0365
:o	9,12	0	0366
tdi	10,9	0	0367
/o	10,10	0	0370
`u	9,13	0	0371
'u	9,13	0	0372
^u	9,13	0	0373
:u	9,12	0	0374
'y	8,13,3	0	0375
Tp	9,12,4	0	0376
:y	8,12,3	0	0377
