name NBI
spacewidth 4
charset
---	14,11	0	00
---	4,1	0	040
!	6,12	0	041
"	7,12	0	042
dq	"
#	10,12	0	043
sh	"
$	9,14,1	0	044
Do	"
%	15,12	0	045
&	15,12	0	046
'	5,12	0	047
cq	"
(	7,12,2	0	050
)	7,12,2	0	051
*	8,12	0	052
+	10,8	0	053
,	5,3,3	0	054
\-	5,5	0	055
.	5,3	0	056
/	5,12	0	057
sl	"
0	9,12	0	060
1	9,12	0	061
2	9,12	0	062
3	9,12	0	063
4	9,12	0	064
5	9,12	0	065
6	9,12	0	066
7	9,12	0	067
8	9,12	0	070
9	9,12	0	071
:	5,8	0	072
;	5,8,3	0	073
<	10,8	0	074
=	10,7	0	075
>	10,8	0	076
?	8,12	0	077
@	12,12	0	0100
at	"
A	12,12	0	0101
B	13,12	0	0102
C	13,12	0	0103
D	14,12	0	0104
E	12,12	0	0105
F	12,12	0	0106
G	14,12	0	0107
H	14,12	0	0110
I	7,12	0	0111
J	11,12	0	0112
K	13,12	0	0113
L	12,12	0	0114
M	16,12	0	0115
N	14,12	0	0116
O	14,12	0	0117
P	12,12	0	0120
Q	14,12,3	0	0121
R	14,12	0	0122
S	11,12	0	0123
T	12,12	0	0124
U	14,12	0	0125
V	12,12	0	0126
W	16,12	0	0127
X	12,12	0	0130
Y	12,12	0	0131
Z	12,12	0	0132
[	7,12,2	0	0133
lB	"
\	10,12	0	0134
rs	"
]	7,12,2	0	0135
rB	"
^	10,12	0	0136
a^	"
ha	"
_	8,0,3	0	0137
`	6,12	0	0140
oq	"
a	11,8	0	0141
b	10,12	0	0142
c	9,8	0	0143
d	11,12	0	0144
e	9,8	0	0145
f	6,12,3	0	0146
g	10,9,3	0	0147
h	11,12	0	0150
i	6,12	0	0151
j	6,12,3	0	0152
k	11,12	0	0153
l	6,12	0	0154
m	15,8	0	0155
n	11,8	0	0156
o	10,8	0	0157
p	11,8,3	0	0160
q	10,8,3	0	0161
r	9,8	0	0162
s	8,8	0	0163
t	7,11	0	0164
u	11,8	0	0165
v	9,8	0	0166
w	14,8	0	0167
x	9,8	0	0170
y	9,8,3	0	0171
z	9,8	0	0172
{	7,12,2	0	0173
lC	"
|	10,12	0	0174
ba	"
}	7,12,2	0	0175
rC	"
~	10,6	0	0176
a~	"
ti	"
---	4,1	0	0240
r!	6,9,3	0	0241
ct	10,10,2	0	0242
Po	10,12	0	0243
Cs	10,10	0	0244
Ye	10,12	0	0245
bb	10,12	0	0246
sc	9,12,3	0	0247
ad	6,11	0	0250
co	12,12	0	0251
Of	7,12	0	0252
Fo	8,7	0	0253
tno	10,7	0	0254
-	5,5	0	0255
hy	"
rg	12,12	0	0256
a-	6,11	0	0257
de	7,12	0	0260
t+-	10,8	0	0261
S2	6,12	0	0262
S3	6,12	0	0263
aa	6,12	0	0264
mc	11,8,3	0	0265
ps	11,12	0	0266
pc	5,6	0	0267
ac	5,1,3	0	0270
S1	6,12	0	0271
Om	6,12	0	0272
Fc	8,7	0	0273
14	14,12	0	0274
12	14,12	0	0275
34	14,12	0	0276
r?	8,9,3	0	0277
`A	12,16	0	0300
'A	12,16	0	0301
^A	12,16	0	0302
~A	12,15	0	0303
:A	12,15	0	0304
oA	12,16	0	0305
AE	15,12	0	0306
,C	13,12,3	0	0307
`E	12,16	0	0310
'E	12,16	0	0311
^E	12,16	0	0312
:E	12,15	0	0313
`I	7,16	0	0314
'I	7,16	0	0315
^I	7,16	0	0316
:I	7,15	0	0317
-D	14,12	0	0320
~N	14,15	0	0321
`O	14,16	0	0322
'O	14,16	0	0323
^O	14,16	0	0324
~O	14,15	0	0325
:O	14,15	0	0326
tmu	10,8	0	0327
/O	14,13,1	0	0330
`U	14,16	0	0331
'U	14,16	0	0332
^U	14,16	0	0333
:U	14,15	0	0334
'Y	12,16	0	0335
TP	12,12	0	0336
ss	10,12,3	0	0337
`a	11,12	0	0340
'a	11,12	0	0341
^a	11,12	0	0342
~a	11,11	0	0343
:a	11,11	0	0344
oa	11,13	0	0345
ae	14,8	0	0346
,c	9,8,3	0	0347
`e	9,12	0	0350
'e	9,12	0	0351
^e	9,12	0	0352
:e	9,11	0	0353
`i	6,12	0	0354
'i	6,12	0	0355
^i	6,12	0	0356
:i	6,11	0	0357
Sd	10,13	0	0360
~n	11,11	0	0361
`o	10,12	0	0362
'o	10,12	0	0363
^o	10,12	0	0364
~o	10,11	0	0365
:o	10,11	0	0366
tdi	10,8	0	0367
/o	10,10,2	0	0370
`u	11,12	0	0371
'u	11,12	0	0372
^u	11,12	0	0373
:u	11,11	0	0374
'y	9,12,3	0	0375
Tp	11,11,3	0	0376
:y	9,11,3	0	0377
