name NI
spacewidth 4
charset
---	14,11	0	00
---	4,1	0	040
!	6,12	0	041
"	7,12	0	042
dq	"
#	9,12	0	043
sh	"
$	9,14,1	0	044
Do	"
%	14,12	0	045
&	14,12	0	046
'	5,12	0	047
cq	"
(	6,12,2	0	050
)	5,12,2	0	051
*	8,12	0	052
+	10,9	0	053
,	4,2,3	0	054
\-	5,4	0	055
.	4,2	0	056
/	10,12,2	0	057
sl	"
0	9,12	0	060
1	9,12	0	061
2	9,12	0	062
3	9,12	0	063
4	9,12	0	064
5	9,12	0	065
6	9,12	0	066
7	9,12	0	067
8	9,12	0	070
9	9,12	0	071
:	5,8	0	072
;	5,8,3	0	073
<	10,9	0	074
=	10,6	0	075
>	10,9	0	076
?	7,12	0	077
@	12,12	0	0100
at	"
A	12,12	0	0101
B	12,12	0	0102
C	12,12	0	0103
D	13,12	0	0104
E	12,12	0	0105
F	11,12	0	0106
G	13,12	0	0107
H	14,12	0	0110
I	7,12	0	0111
J	10,12	0	0112
K	12,12	0	0113
L	11,12	0	0114
M	16,12	0	0115
N	13,12	0	0116
O	13,12	0	0117
P	11,12	0	0120
Q	13,12,3	0	0121
R	13,12	0	0122
S	11,12	0	0123
T	11,12	0	0124
U	13,12	0	0125
V	11,12	0	0126
W	15,12	0	0127
X	12,12	0	0130
Y	11,12	0	0131
Z	11,12	0	0132
[	6,12,2	0	0133
lB	"
\	10,12	0	0134
rs	"
]	6,12,2	0	0135
rB	"
^	10,12	0	0136
a^	"
ha	"
_	8,0,3	0	0137
`	5,12	0	0140
oq	"
a	10,8	0	0141
b	9,12	0	0142
c	8,8	0	0143
d	10,12	0	0144
e	7,8	0	0145
f	5,12,3	0	0146
g	9,9,3	0	0147
h	10,12	0	0150
i	6,12	0	0151
j	5,12,3	0	0152
k	9,12	0	0153
l	6,12	0	0154
m	15,8	0	0155
n	10,8	0	0156
o	8,8	0	0157
p	9,8,3	0	0160
q	9,8,3	0	0161
r	7,8	0	0162
s	7,8	0	0163
t	6,11	0	0164
u	10,8	0	0165
v	8,8	0	0166
w	13,8	0	0167
x	8,8	0	0170
y	8,8,3	0	0171
z	8,8	0	0172
{	6,12,2	0	0173
lC	"
|	10,12	0	0174
ba	"
}	6,12,2	0	0175
rC	"
~	10,5	0	0176
a~	"
ti	"
---	4,1	0	0240
r!	6,9,3	0	0241
ct	9,10,2	0	0242
Po	9,12	0	0243
Cs	9,10	0	0244
Ye	9,12	0	0245
bb	10,12	0	0246
sc	8,12,3	0	0247
ad	6,11	0	0250
co	12,12	0	0251
Of	7,12	0	0252
Fo	7,6	0	0253
tno	10,6	0	0254
-	5,4	0	0255
hy	"
rg	12,12	0	0256
a-	5,10	0	0257
de	7,12	0	0260
t+-	10,9	0	0261
S2	6,12	0	0262
S3	6,12	0	0263
aa	5,12	0	0264
mc	10,8,3	0	0265
ps	11,12	0	0266
pc	5,5	0	0267
ac	5,1,3	0	0270
S1	6,12	0	0271
Om	6,12	0	0272
Fc	7,6	0	0273
14	14,12	0	0274
12	14,12	0	0275
34	14,12	0	0276
r?	7,9,3	0	0277
`A	12,16	0	0300
'A	12,16	0	0301
^A	12,16	0	0302
~A	12,15	0	0303
:A	12,15	0	0304
oA	12,16	0	0305
AE	14,12	0	0306
,C	12,12,3	0	0307
`E	12,16	0	0310
'E	12,16	0	0311
^E	12,16	0	0312
:E	12,15	0	0313
`I	7,16	0	0314
'I	7,16	0	0315
^I	7,16	0	0316
:I	7,15	0	0317
-D	13,12	0	0320
~N	13,15	0	0321
`O	13,16	0	0322
'O	13,16	0	0323
^O	13,16	0	0324
~O	13,15	0	0325
:O	13,15	0	0326
tmu	10,8	0	0327
/O	13,13,1	0	0330
`U	13,16	0	0331
'U	13,16	0	0332
^U	13,16	0	0333
:U	13,15	0	0334
'Y	11,16	0	0335
TP	11,12	0	0336
ss	9,12,3	0	0337
`a	10,12	0	0340
'a	10,12	0	0341
^a	10,12	0	0342
~a	10,11	0	0343
:a	10,11	0	0344
oa	10,13	0	0345
ae	12,8	0	0346
,c	8,8,3	0	0347
`e	7,12	0	0350
'e	7,12	0	0351
^e	7,12	0	0352
:e	7,11	0	0353
`i	6,12	0	0354
'i	6,12	0	0355
^i	6,12	0	0356
:i	6,11	0	0357
Sd	8,13	0	0360
~n	10,11	0	0361
`o	8,12	0	0362
'o	8,12	0	0363
^o	8,12	0	0364
~o	8,11	0	0365
:o	8,11	0	0366
tdi	10,8	0	0367
/o	8,10,2	0	0370
`u	10,12	0	0371
'u	10,12	0	0372
^u	10,12	0	0373
:u	10,11	0	0374
'y	8,12,3	0	0375
Tp	9,11,3	0	0376
:y	8,11,3	0	0377
