name TBI
spacewidth 4
charset
---	13,11	0	00
---	4,1	0	040
!	6,11	0	041
"	9,11	0	042
dq	"
#	8,11	0	043
sh	"
$	8,12,1	0	044
Do	"
%	13,11	0	045
&	13,11	0	046
'	5,11	0	047
cq	"
(	6,11,3	0	050
)	6,11,3	0	051
*	8,11	0	052
+	10,9	0	053
,	4,2,3	0	054
\-	5,5	0	055
.	4,2	0	056
/	5,12	0	057
sl	"
0	8,11	0	060
1	8,11	0	061
2	8,11	0	062
3	8,11	0	063
4	8,11	0	064
5	8,11	0	065
6	8,11	0	066
7	8,11	0	067
8	8,11	0	070
9	8,11	0	071
:	5,7	0	072
;	5,7,3	0	073
<	10,8	0	074
=	10,7	0	075
>	10,8	0	076
?	8,11	0	077
@	14,11,2	0	0100
at	"
A	11,11	0	0101
B	11,11	0	0102
C	11,11	0	0103
D	12,11	0	0104
E	11,11	0	0105
F	11,11	0	0106
G	12,11	0	0107
H	13,11	0	0110
I	6,11	0	0111
J	8,11,2	0	0112
K	11,11	0	0113
L	10,11	0	0114
M	15,11	0	0115
N	12,11	0	0116
O	12,11	0	0117
P	10,11	0	0120
Q	12,11,4	0	0121
R	11,11	0	0122
S	9,11	0	0123
T	10,11	0	0124
U	12,11	0	0125
V	11,11	0	0126
W	15,11	0	0127
X	11,11	0	0130
Y	10,11	0	0131
Z	10,11	0	0132
[	6,12,3	0	0133
lB	"
\	5,12	0	0134
rs	"
]	6,12,3	0	0135
rB	"
^	10,11	0	0136
a^	"
ha	"
_	8,0,2	0	0137
`	6,12	0	0140
oq	"
a	8,8	0	0141
b	8,11	0	0142
c	7,8	0	0143
d	8,11	0	0144
e	7,8	0	0145
f	6,11,3	0	0146
g	8,8,3	0	0147
h	9,11	0	0150
i	5,11	0	0151
j	5,11,3	0	0152
k	8,11	0	0153
l	5,11	0	0154
m	13,8	0	0155
n	9,8	0	0156
o	8,8	0	0157
p	8,8,3	0	0160
q	8,8,3	0	0161
r	6,8	0	0162
s	6,8	0	0163
t	5,10	0	0164
u	9,8	0	0165
v	7,8	0	0166
w	11,8	0	0167
x	8,8	0	0170
y	7,8,3	0	0171
z	6,8,1	0	0172
{	6,12,3	0	0173
lC	"
|	4,12	0	0174
ba	"
}	6,12,3	0	0175
rC	"
~	10,6	0	0176
a~	"
ti	"
---	4,1	0	0240
r!	6,8,4	0	0241
ct	8,10,2	0	0242
Po	8,11	0	0243
Cs	8,9	0	0244
Ye	8,11	0	0245
bb	4,12	0	0246
sc	8,11,3	0	0247
ad	6,11	0	0250
co	12,11	0	0251
Of	4,11	0	0252
Fo	8,7	0	0253
tno	10,5	0	0254
-	5,5	0	0255
hy	"
rg	12,11	0	0256
a-	6,10	0	0257
de	7,11	0	0260
t+-	10,10	0	0261
S2	5,11	0	0262
S3	5,11	0	0263
aa	6,12	0	0264
mc	9,8,3	0	0265
ps	8,11,3	0	0266
pc	4,5	0	0267
ac	6,1,3	0	0270
S1	5,11	0	0271
Om	5,11	0	0272
Fc	8,7	0	0273
14	13,11	0	0274
12	13,11	0	0275
34	13,11	0	0276
r?	8,8,4	0	0277
`A	11,15	0	0300
'A	11,15	0	0301
^A	11,15	0	0302
~A	11,14	0	0303
:A	11,14	0	0304
oA	11,15	0	0305
AE	15,11	0	0306
,C	11,11,3	0	0307
`E	11,15	0	0310
'E	11,15	0	0311
^E	11,15	0	0312
:E	11,14	0	0313
`I	6,15	0	0314
'I	6,15	0	0315
^I	6,15	0	0316
:I	6,14	0	0317
-D	12,11	0	0320
~N	12,14	0	0321
`O	12,15	0	0322
'O	12,15	0	0323
^O	12,15	0	0324
~O	12,14	0	0325
:O	12,14	0	0326
tmu	10,9	0	0327
/O	12,12,2	0	0330
`U	12,15	0	0331
'U	12,15	0	0332
^U	12,15	0	0333
:U	12,14	0	0334
'Y	10,15	0	0335
TP	10,11	0	0336
ss	8,12,3	0	0337
`a	8,12	0	0340
'a	8,12	0	0341
^a	8,12	0	0342
~a	8,11	0	0343
:a	8,11	0	0344
oa	8,12	0	0345
ae	12,8	0	0346
,c	7,8,3	0	0347
`e	7,12	0	0350
'e	7,12	0	0351
^e	7,12	0	0352
:e	7,11	0	0353
`i	5,12	0	0354
'i	5,12	0	0355
^i	5,12	0	0356
:i	5,11	0	0357
Sd	8,11	0	0360
~n	9,11	0	0361
`o	8,12	0	0362
'o	8,12	0	0363
^o	8,12	0	0364
~o	8,11	0	0365
:o	8,11	0	0366
tdi	10,9	0	0367
/o	8,10,2	0	0370
`u	9,12	0	0371
'u	9,12	0	0372
^u	9,12	0	0373
:u	9,11	0	0374
'y	7,12,3	0	0375
Tp	8,11,3	0	0376
:y	7,11,3	0	0377
