name TB
spacewidth 3
charset
---	10,9	0	00
---	3,1	0	040
!	4,9	0	041
"	5,9	0	042
dq	"
#	6,9	0	043
sh	"
$	6,10,1	0	044
Do	"
%	12,9	0	045
&	10,9	0	046
'	3,9	0	047
cq	"
(	4,9,3	0	050
)	4,9,3	0	051
*	6,9	0	052
+	7,6	0	053
,	4,2,2	0	054
\-	4,4	0	055
.	4,2	0	056
/	4,9	0	057
sl	"
0	6,9	0	060
1	6,9	0	061
2	6,9	0	062
3	6,9	0	063
4	6,9	0	064
5	6,9	0	065
6	6,9	0	066
7	6,9	0	067
8	6,9	0	070
9	6,9	0	071
:	4,6	0	072
;	4,6,2	0	073
<	7,6	0	074
=	7,5	0	075
>	8,6	0	076
?	7,9	0	077
@	12,9,2	0	0100
at	"
A	9,9	0	0101
B	9,9	0	0102
C	8,9	0	0103
D	9,9	0	0104
E	8,9	0	0105
F	8,9	0	0106
G	9,9	0	0107
H	10,9	0	0110
I	5,9	0	0111
J	7,9,1	0	0112
K	10,9	0	0113
L	8,9	0	0114
M	11,9	0	0115
N	9,9	0	0116
O	9,9	0	0117
P	8,9	0	0120
Q	9,9,2	0	0121
R	9,9	0	0122
S	7,9	0	0123
T	9,9	0	0124
U	9,9	0	0125
V	9,9	0	0126
W	12,9	0	0127
X	9,9	0	0130
Y	9,9	0	0131
Z	8,9	0	0132
[	4,9,3	0	0133
lB	"
\	3,9	0	0134
rs	"
]	4,9,3	0	0135
rB	"
^	7,9	0	0136
a^	"
ha	"
_	6,0,3	0	0137
`	4,9	0	0140
oq	"
a	7,6	0	0141
b	6,9	0	0142
c	6,6	0	0143
d	6,9	0	0144
e	7,6	0	0145
f	4,9	0	0146
g	6,6,3	0	0147
h	6,9	0	0150
i	3,9	0	0151
j	3,9,3	0	0152
k	7,9	0	0153
l	3,9	0	0154
m	9,6	0	0155
n	6,6	0	0156
o	7,6	0	0157
p	6,6,3	0	0160
q	6,6,3	0	0161
r	5,6	0	0162
s	6,6	0	0163
t	4,8	0	0164
u	6,6	0	0165
v	6,6	0	0166
w	9,6	0	0167
x	6,6	0	0170
y	6,6,3	0	0171
z	6,6	0	0172
{	5,9,3	0	0173
lC	"
|	3,9,3	0	0174
ba	"
}	5,9,3	0	0175
rC	"
~	7,6	0	0176
a~	"
ti	"
---	3,1	0	0240
r!	4,6,3	0	0241
ct	6,7,2	0	0242
Po	6,9	0	0243
Cs	7,8	0	0244
Ye	8,9	0	0245
bb	3,9,3	0	0246
sc	6,9,3	0	0247
ad	4,9	0	0250
co	11,9	0	0251
Of	4,9	0	0252
Fo	8,6	0	0253
tno	8,5	0	0254
-	4,4	0	0255
hy	"
rg	11,9	0	0256
a-	4,8	0	0257
de	5,9	0	0260
t+-	7,7	0	0261
S2	4,9	0	0262
S3	4,9	0	0263
aa	4,9	0	0264
mc	6,6,3	0	0265
ps	8,9,3	0	0266
pc	3,5	0	0267
ac	4,0,3	0	0270
S1	4,9	0	0271
Om	4,9	0	0272
Fc	8,6	0	0273
14	9,9	0	0274
12	9,9	0	0275
34	9,9	0	0276
r?	7,6,3	0	0277
`A	9,12	0	0300
'A	9,12	0	0301
^A	9,12	0	0302
~A	9,12	0	0303
:A	9,12	0	0304
oA	9,12	0	0305
AE	13,9	0	0306
,C	8,9,3	0	0307
`E	8,12	0	0310
'E	8,12	0	0311
^E	8,12	0	0312
:E	8,12	0	0313
`I	5,12	0	0314
'I	5,12	0	0315
^I	5,12	0	0316
:I	5,12	0	0317
-D	9,9	0	0320
~N	9,12	0	0321
`O	9,12	0	0322
'O	9,12	0	0323
^O	9,12	0	0324
~O	9,12	0	0325
:O	9,12	0	0326
tmu	7,6	0	0327
/O	9,10,1	0	0330
`U	9,12	0	0331
'U	9,12	0	0332
^U	9,12	0	0333
:U	9,12	0	0334
'Y	9,12	0	0335
TP	8,9	0	0336
ss	8,9	0	0337
`a	7,9	0	0340
'a	7,9	0	0341
^a	7,9	0	0342
~a	7,9	0	0343
:a	7,9	0	0344
oa	7,10	0	0345
ae	8,6	0	0346
,c	6,6,3	0	0347
`e	7,9	0	0350
'e	7,9	0	0351
^e	7,9	0	0352
:e	7,9	0	0353
`i	3,9	0	0354
'i	3,9	0	0355
^i	3,9	0	0356
:i	3,9	0	0357
Sd	7,9	0	0360
~n	6,9	0	0361
`o	7,9	0	0362
'o	7,9	0	0363
^o	7,9	0	0364
~o	7,9	0	0365
:o	7,9	0	0366
tdi	7,6	0	0367
/o	7,7,1	0	0370
`u	6,9	0	0371
'u	6,9	0	0372
^u	6,9	0	0373
:u	6,9	0	0374
'y	6,9,3	0	0375
Tp	6,9,3	0	0376
:y	6,9,3	0	0377
