name CR
spacewidth 15873
pcltypeface 4099
pclproportional 0
pclweight 0
pclstyle 0
charset
!	15873,15060,330	0	3617
"	15873,15060	0	3618
sh	15873,16827,2040	2	3619
#	"
Do	15873,17247,3642	2	3620
$	"
%	15873,16380,330	2	3621
&	15873,14187,330	0	3622
'	15873,15060	0	51751
(	15873,17070,2580	2	3624
)	15873,17070,2580	2	3625
*	15873,15060	0	3626
+	15873,11385	0	3627
,	15873,3195,3420	0	3628
char173	15873,7275	0	3629
hy	"
-	"
.	15873,2805,330	0	3630
sl	15873,18465,3765	2	3631
/	"
0	15873,15390,330	0	3632
1	15873,15060	0	3633
2	15873,15390	0	3634
3	15873,15390,330	0	3635
4	15873,15060	0	3636
5	15873,15060,330	0	3637
6	15873,15390,330	0	3638
7	15873,15060	0	3639
8	15873,15390,330	0	3640
9	15873,15390,330	0	3641
:	15873,9705,393	0	3642
;	15873,9705,3420	0	3643
<	15873,10647,3	0	3644
=	15873,8451	0	3645
>	15873,10647,3	0	3646
?	15873,15390,330	0	3647
at	15873,14391,363	0	3648
@	"
A	15873,15060	0	3649
B	15873,15060	0	3650
C	15873,15390,330	0	3651
D	15873,15060	0	3652
E	15873,15060	0	3653
F	15873,15060	0	3654
G	15873,15390,330	0	3655
H	15873,15060	0	3656
I	15873,15060	0	3657
J	15873,15060,330	0	3658
K	15873,15060	0	3659
L	15873,15060	0	3660
M	15873,15060	0	3661
N	15873,15060	0	3662
O	15873,15390,330	0	3663
P	15873,15060	0	3664
Q	15873,15390,3360	0	3665
R	15873,15060	0	3666
S	15873,15390,330	0	3667
T	15873,15060	0	3668
U	15873,15060,330	0	3669
V	15873,15060	0	3670
W	15873,15060	0	3671
X	15873,15060	0	3672
Y	15873,15060	0	3673
Z	15873,15060	0	3674
lB	15873,17070,2580	2	3675
[	"
rs	15873,18465,3765	2	3676
\	"
rB	15873,17070,2580	2	3677
]	"
ha	15873,19758	2	51875
_	15873,191367,6588	3	3679
oq	15873,15060	0	51808
`	"
a	15873,11775,330	0	3681
b	15873,16500,330	2	3682
c	15873,11775,330	0	3683
d	15873,16500,330	2	3684
e	15873,11775,330	0	3685
f	15873,16500	2	3686
g	15873,11775,5145	1	3687
h	15873,16500	2	3688
i	15873,17235	2	3689
j	15873,17235,5145	3	3690
k	15873,16500	2	3691
l	15873,16500	2	3692
m	15873,11775	0	3693
n	15873,11775	0	3694
o	15873,11775,330	0	3695
p	15873,11775,5145	1	3696
q	15873,11775,5145	1	3697
r	15873,11775	0	3698
s	15873,11775,330	0	3699
t	15873,14826,330	0	3700
u	15873,11445,330	0	3701
v	15873,11445	0	3702
w	15873,11445	0	3703
x	15873,11445	0	3704
y	15873,11445,5145	1	3705
z	15873,11445	0	3706
lC	15873,20130,6075	3	3707
{	"
ba	15873,19758,6588	3	3708
|	"
rC	15873,20130,6075	3	3709
}	"
ti	15873,7233	0	51876
char192	15873,21180	2	3776
`A	"
char194	15873,21180	2	3778
^A	"
char200	15873,21180	2	3784
`E	"
char202	15873,21180	2	3786
^E	"
char203	15873,20670	2	3787
:E	"
char206	15873,21180	2	3790
^I	"
char207	15873,20670	2	3791
:I	"
char180	15873,17565	2	3764
aa	"
ga	15873,17565	2	3680
a^	15873,17565	2	3678
^	"
char168	15873,16905	2	3752
ad	"
a~	15873,16830	2	3710
~	"
char217	15873,21180,330	2	3801
`U	"
char219	15873,21180,330	2	3803
^U	"
char221	15873,21180	2	3805
'Y	"
char253	15873,17565,5145	3	3837
'y	"
char176	15873,15390	0	3760
de	"
char199	15873,15390,5175	1	3783
,C	"
char231	15873,11775,4815	1	3815
,c	"
char209	15873,20571	2	3793
~N	"
char241	15873,16830	2	3825
~n	"
char161	15873,11880,3510	0	3745
r!	"
char191	15873,11898,3822	0	3775
r?	"
char164	15873,15684	2	3748
Cs	"
char163	15873,15390,330	0	3747
Po	"
char165	15873,15060	0	3749
Ye	"
char167	15873,15390,1905	0	3751
sc	"
Fn	15873,15090,4350	0	51871
char162	15873,16179,1431	2	3746
ct	"
char226	15873,17565,330	2	3810
^a	"
char234	15873,17565,330	2	3818
^e	"
char244	15873,17565,330	2	3828
^o	"
char251	15873,17565,330	2	3835
^u	"
char225	15873,17565,330	2	3809
'a	"
char233	15873,17565,330	2	3817
'e	"
char243	15873,17565,330	2	3827
'o	"
char250	15873,17565,330	2	3834
'u	"
char224	15873,17565,330	2	3808
`a	"
char232	15873,17565,330	2	3816
`e	"
char242	15873,17565,330	2	3826
`o	"
char249	15873,17565,330	2	3833
`u	"
char228	15873,16905,330	2	3812
:a	"
char235	15873,16905,330	2	3819
:e	"
char246	15873,16905,330	2	3830
:o	"
char252	15873,16905,330	2	3836
:u	"
char197	15873,21690	2	3781
oA	"
char238	15873,17565	2	3822
^i	"
char216	15873,15591,612	2	3800
/O	"
char198	15873,15060	0	3782
AE	"
char229	15873,17997,330	2	3813
oa	"
char237	15873,17565	2	3821
'i	"
char248	15873,11856,459	0	3832
/o	"
char230	15873,11775,330	0	3814
ae	"
char196	15873,20670	2	3780
:A	"
char236	15873,17565	2	3820
`i	"
char214	15873,20670,330	2	3798
:O	"
char220	15873,20670,330	2	3804
:U	"
char201	15873,21180	2	3785
'E	"
char239	15873,16905	2	3823
:i	"
char223	15873,16500,330	2	3807
ss	"
char212	15873,21180,330	2	3796
^O	"
char193	15873,21180	2	3777
'A	"
char195	15873,20571	2	3779
~A	"
char227	15873,16830,330	2	3811
~a	"
char208	15873,15060	0	3792
-D	"
char240	15873,18015,330	2	3824
Sd	"
char205	15873,21180	2	3789
'I	"
char204	15873,21180	2	3788
`I	"
char211	15873,21180,330	2	3795
'O	"
char210	15873,21180,330	2	3794
`O	"
char213	15873,20571,330	2	3797
~O	"
char245	15873,16830,330	2	3829
~o	"
vS	15873,21180,330	2	51795
vs	15873,17565,330	2	51827
char218	15873,21180,330	2	3802
'U	"
:Y	15873,20670	2	51801
char255	15873,16905,5145	3	3839
:y	"
char222	15873,15060	0	3806
TP	"
char254	15873,16500,5145	3	3838
Tp	"
char181	15873,11445,5595	1	3765
char182	15873,19635,4080	2	3766
ps	"
char190	15873,15519,2673	2	3774
34	"
\-	15873,6435	0	51757
char188	15873,15519,2673	2	3772
14	"
char189	15873,15519,2673	2	3773
12	"
char170	15873,15390	0	3754
Of	"
char186	15873,15390	0	3770
Om	"
char171	15873,11490	0	3755
Fo	"
char187	15873,11490	0	3771
Fc	"
char177	15873,11385,2835	0	3761
char166	15873,19083,5916	3	3750
bb	"
char169	15873,19635	2	3753
co	"
char172	15873,8865	0	3756
no	"
char174	15873,19635	2	3758
rg	"
char178	15873,15240	0	3762
S2	"
char179	15873,15240	0	3763
S3	"
char184	15873,0,4815	1	3768
ac	"
char185	15873,15060	0	3769
S1	"
char215	15873,11340	0	3799
char247	15873,10530	0	3831
char183	15873,8931	0	3767
fm	15873,15060	0	51873
sd	15873,15060	0	51874
dg	15873,15060,1290	0	51755
tm	15873,17850	2	51796
ah	15873,17565	2	51935
ao	15873,17997	2	51930
f/	15873,15519,2673	2	51759
em	15873,7275	0	51789
en	15873,7275	0	51790
dd	15873,15060,1290	0	51773
.i	15873,11445	0	51957
aq	15873,15060	0	3623
bu	15873,12714	0	51889
'C	15873,21180,330	2	20166
'c	15873,17565,330	2	20198
lq	15873,15060	0	51838
rq	15873,15060	0	51746
Bq	15873,3495,3120	0	51772
vz	15873,17565	2	51834
fi	15873,17235	2	51881
fl	15873,16500	2	51882
ff	15873,16500	2	51883
Fi	15873,16500	2	51884
Fl	15873,16500	2	51885
ij	15873,17235,5145	3	51958
bq	15873,3495,3120	0	51756
%0	15873,16380,330	2	51901
char175	15873,15726	2	3759
a-	"
ab	15873,16725	2	51926
a.	15873,16905	2	51927
oe	15873,11775,330	0	51823
OE	15873,15060	0	51791
fo	15873,10845	0	51886
fc	15873,10845	0	51887
sq	15873,14106	0	51899
/L	15873,15060	0	51944
/l	15873,16500	2	51960
a"	15873,18195	2	51933
ho	15873,0,4263	0	51934
vZ	15873,21180	2	51802
IJ	15873,15060,2850	0	51942
