name LGR
spacewidth 13227
pcltypeface 4102
pclproportional 0
pclweight 0
pclstyle 0
charset
!	13227,18990,330	2	3617
"	13227,18990	2	3618
sh	13227,21309,2451	2	3619
#	"
Do	13227,19320,372	2	3620
$	"
%	13227,19320,330	2	3621
&	13227,19320,330	2	3622
'	13227,19320	2	51751
(	13227,19320,1935	2	3624
)	13227,19320,1935	2	3625
*	13227,18990	2	3626
+	13227,15075	0	3627
,	13227,2055,2235	0	3628
char173	13227,7815	0	3629
hy	"
-	"
.	13227,2055,330	0	3630
sl	13227,19545,330	2	3631
/	"
0	13227,19320,330	2	3632
1	13227,19320	2	3633
2	13227,19320	2	3634
3	13227,19320,330	2	3635
4	13227,19320	2	3636
5	13227,18990,330	2	3637
6	13227,19320,330	2	3638
7	13227,18990	2	3639
8	13227,19320,330	2	3640
9	13227,19320,330	2	3641
:	13227,12414,330	0	3642
;	13227,12414,2235	0	3643
<	13227,15063	0	3644
=	13227,11721	0	3645
>	13227,15063	0	3646
?	13227,19320,330	2	3647
at	13227,19320,330	2	3648
@	"
A	13227,18990	2	3649
B	13227,18990	2	3650
C	13227,19320,330	2	3651
D	13227,18990	2	3652
E	13227,18990	2	3653
F	13227,18990	2	3654
G	13227,19320,330	2	3655
H	13227,18990	2	3656
I	13227,18990	2	3657
J	13227,18990,330	2	3658
K	13227,18990	2	3659
L	13227,18990	2	3660
M	13227,18990	2	3661
N	13227,18990	2	3662
O	13227,19320,330	2	3663
P	13227,18990	2	3664
Q	13227,19320,2712	2	3665
R	13227,18990	2	3666
S	13227,19320,330	2	3667
T	13227,18990	2	3668
U	13227,18990,330	2	3669
V	13227,18990	2	3670
W	13227,18990	2	3671
X	13227,18990	2	3672
Y	13227,18990	2	3673
Z	13227,18990	2	3674
lB	13227,18990,2940	2	3675
[	"
rs	13227,19545,330	2	3676
\	"
rB	13227,18990,2940	2	3677
]	"
ha	13227,19758	2	51875
_	13227,191367,6588	3	3679
oq	13227,19320	2	51808
`	"
a	13227,14355,330	0	3681
b	13227,19545,330	2	3682
c	13227,14355,330	0	3683
d	13227,19545,330	2	3684
e	13227,14355,330	0	3685
f	13227,19335	2	3686
g	13227,14355,4350	0	3687
h	13227,19545	2	3688
i	13227,18780	2	3689
j	13227,18780,4350	2	3690
k	13227,19545	2	3691
l	13227,19545	2	3692
m	13227,14355	0	3693
n	13227,14355	0	3694
o	13227,14355,330	0	3695
p	13227,14355,5475	1	3696
q	13227,14355,5475	1	3697
r	13227,14355	0	3698
s	13227,14355,330	0	3699
t	13227,18495,330	2	3700
u	13227,14025,330	0	3701
v	13227,14025	0	3702
w	13227,14025	0	3703
x	13227,14025	0	3704
y	13227,14025,4350	0	3705
z	13227,14025	0	3706
lC	13227,20130,6075	3	3707
{	"
ba	13227,19758,6588	3	3708
|	"
rC	13227,20130,6075	3	3709
}	"
ti	13227,10485	0	51876
char192	13227,24630	2	3776
`A	"
char194	13227,24810	2	3778
^A	"
char200	13227,24630	2	3784
`E	"
char202	13227,24810	2	3786
^E	"
char203	13227,23115	2	3787
:E	"
char206	13227,24810	2	3790
^I	"
char207	13227,23115	2	3791
:I	"
char180	13227,19725	2	3764
aa	"
ga	13227,19725	2	3680
a^	13227,19905	2	3678
^	"
char168	13227,18195	2	3752
ad	"
a~	13227,18867	2	3710
~	"
char217	13227,24630,330	2	3801
`U	"
char219	13227,24810,330	2	3803
^U	"
char221	13227,24630	2	3805
'Y	"
char253	13227,19725,4350	2	3837
'y	"
char176	13227,19320	2	3760
de	"
char199	13227,19320,5430	3	3783
,C	"
char231	13227,14355,5430	1	3815
,c	"
char209	13227,23787	2	3793
~N	"
char241	13227,18867	2	3825
~n	"
char161	13227,14259,5061	1	3745
r!	"
char191	13227,14265,5385	1	3775
r?	"
char164	13227,15684	0	3748
Cs	"
char163	13227,19320,330	2	3747
Po	"
char165	13227,18990	2	3749
Ye	"
char167	13227,19320,1344	2	3751
sc	"
Fn	13227,19335,3540	2	51871
char162	13227,19320,330	2	3746
ct	"
char226	13227,19905,330	2	3810
^a	"
char234	13227,19905,330	2	3818
^e	"
char244	13227,19905,330	2	3828
^o	"
char251	13227,19905,330	2	3835
^u	"
char225	13227,19725,330	2	3809
'a	"
char233	13227,19725,330	2	3817
'e	"
char243	13227,19725,330	2	3827
'o	"
char250	13227,19725,330	2	3834
'u	"
char224	13227,19725,330	2	3808
`a	"
char232	13227,19725,330	2	3816
`e	"
char242	13227,19725,330	2	3826
`o	"
char249	13227,19725,330	2	3833
`u	"
char228	13227,18195,330	2	3812
:a	"
char235	13227,18195,330	2	3819
:e	"
char246	13227,18195,330	2	3830
:o	"
char252	13227,18195,330	2	3836
:u	"
char197	13227,24735	2	3781
oA	"
char238	13227,19905	2	3822
^i	"
char216	13227,19320,444	2	3800
/O	"
char198	13227,18990	2	3782
AE	"
char229	13227,19830,330	2	3813
oa	"
char237	13227,19725	2	3821
'i	"
char248	13227,14805,747	0	3832
/o	"
char230	13227,14355,330	0	3814
ae	"
char196	13227,23115	2	3780
:A	"
char236	13227,19725	2	3820
`i	"
char214	13227,23115,330	2	3798
:O	"
char220	13227,23115,330	2	3804
:U	"
char201	13227,24630	2	3785
'E	"
char239	13227,18195	2	3823
:i	"
char223	13227,19335,330	2	3807
ss	"
char212	13227,24810,330	2	3796
^O	"
char193	13227,24630	2	3777
'A	"
char195	13227,23787	2	3779
~A	"
char227	13227,18867,330	2	3811
~a	"
char208	13227,18990	2	3792
-D	"
char240	13227,19545,330	2	3824
Sd	"
char205	13227,24630	2	3789
'I	"
char204	13227,24630	2	3788
`I	"
char211	13227,24630,330	2	3795
'O	"
char210	13227,24630,330	2	3794
`O	"
char213	13227,23787,330	2	3797
~O	"
char245	13227,18867,330	2	3829
~o	"
vS	13227,24810,330	2	51795
vs	13227,19905,330	2	51827
char218	13227,24630,330	2	3802
'U	"
:Y	13227,23115	2	51801
char255	13227,18195,4350	2	3839
:y	"
char222	13227,18990	2	3806
TP	"
char254	13227,19545,5475	3	3838
Tp	"
char181	13227,14025,4350	0	3765
char182	13227,19635,4200	2	3766
ps	"
char190	13227,19119,3825	2	3774
34	"
\-	13227,9945	0	51757
char188	13227,19110,3825	2	3772
14	"
char189	13227,19110,3825	2	3773
12	"
char170	13227,19320	2	3754
Of	"
char186	13227,19320	2	3770
Om	"
char171	13227,13710	0	3755
Fo	"
char187	13227,13710	0	3771
Fc	"
char177	13227,15075	0	3761
char166	13227,19083,5916	3	3750
bb	"
char169	13227,19635	2	3753
co	"
char172	13227,12501	0	3756
no	"
char174	13227,19635	2	3758
rg	"
char178	13227,19110	2	3762
S2	"
char179	13227,19119	2	3763
S3	"
char184	13227,0,5430	1	3768
ac	"
char185	13227,19110	2	3769
S1	"
char215	13227,14814	0	3799
char247	13227,14655	0	3831
char183	13227,11025	0	3767
fm	13227,18990	2	51873
sd	13227,18990	2	51874
dg	13227,18990	2	51755
tm	13227,17850	2	51796
ah	13227,19905	2	51935
ao	13227,19830	2	51930
f/	13227,15675,858	0	51759
em	13227,7710	0	51789
en	13227,7710	0	51790
dd	13227,18990	2	51773
.i	13227,14025	0	51957
aq	13227,18990	2	3623
bu	13227,12714	0	51889
'C	13227,24630,330	2	20166
'c	13227,19725,330	2	20198
lq	13227,19320	2	51838
rq	13227,19320	2	51746
Bq	13227,2136,2154	0	51772
vz	13227,19905	2	51834
fi	13227,19335	2	51881
fl	13227,19335	2	51882
ff	13227,19335	2	51883
Fi	13227,19335	2	51884
Fl	13227,19335	2	51885
ij	13227,18780,4350	2	51958
bq	13227,2136,2154	0	51756
%0	13227,19320,330	2	51901
char175	13227,18078	2	3759
a-	"
ab	13227,19350	2	51926
a.	13227,18195	2	51927
oe	13227,14355,330	0	51823
OE	13227,19320,330	2	51791
fo	13227,13710	0	51886
fc	13227,13710	0	51887
sq	13227,14106	0	51899
/L	13227,18990	2	51944
/l	13227,19545	2	51960
a"	13227,19725	2	51933
ho	13227,750,4137	0	51934
vZ	13227,24810	2	51802
IJ	13227,18990,330	2	51942
