name TBI
spacewidth 3
charset
---	11,9	0	00
---	3,1	0	040
!	7,10	0	041
"	7,10	0	042
dq	"
#	8,10	0	043
sh	"
$	7,11,1	0	044
Do	"
%	14,10	0	045
&	10,10	0	046
'	4,10	0	047
cq	"
(	6,10,3	0	050
)	6,10,3	0	051
*	7,10	0	052
+	9,7	0	053
,	4,2,2	0	054
\-	5,4	0	055
.	3,2	0	056
/	6,10	0	057
sl	"
0	7,10	0	060
1	7,10	0	061
2	7,10	0	062
3	7,10	0	063
4	7,10	0	064
5	7,10	0	065
6	7,10	0	066
7	7,10	0	067
8	7,10	0	070
9	7,10	0	071
:	5,7	0	072
;	4,7,2	0	073
<	8,6	0	074
=	10,5	0	075
>	8,6	0	076
?	8,10	0	077
@	15,10,2	0	0100
at	"
A	9,10	0	0101
B	9,10	0	0102
C	9,10	0	0103
D	10,10	0	0104
E	10,10	0	0105
F	9,10	0	0106
G	10,10	0	0107
H	11,10	0	0110
I	5,10	0	0111
J	7,10,1	0	0112
K	11,10	0	0113
L	9,10	0	0114
M	13,10	0	0115
N	11,10	0	0116
O	10,10	0	0117
P	9,10	0	0120
Q	10,10,3	0	0121
R	10,10	0	0122
S	8,10	0	0123
T	10,10	0	0124
U	10,10	0	0125
V	10,10	0	0126
W	13,10	0	0127
X	9,10	0	0130
Y	8,10	0	0131
Z	8,10	0	0132
[	6,10,3	0	0133
lB	"
\	6,10	0	0134
rs	"
]	5,10,3	0	0135
rB	"
^	8,10	0	0136
a^	"
ha	"
_	7,0,2	0	0137
`	6,10	0	0140
oq	"
a	8,7	0	0141
b	7,10	0	0142
c	6,7	0	0143
d	7,10	0	0144
e	7,7	0	0145
f	5,10,3	0	0146
g	6,7,3	0	0147
h	8,10	0	0150
i	4,10	0	0151
j	4,10,3	0	0152
k	7,10	0	0153
l	4,10	0	0154
m	11,7	0	0155
n	8,7	0	0156
o	7,7	0	0157
p	7,7,3	0	0160
q	7,7,3	0	0161
r	6,7	0	0162
s	6,7	0	0163
t	4,9	0	0164
u	7,7	0	0165
v	6,7	0	0166
w	9,7	0	0167
x	6,7	0	0170
y	6,7,3	0	0171
z	6,7	0	0172
{	7,10,3	0	0173
lC	"
|	4,10	0	0174
ba	"
}	7,10,3	0	0175
rC	"
~	10,5	0	0176
a~	"
ti	"
---	3,1	0	0240
r!	7,7,3	0	0241
ct	7,8,1	0	0242
Po	7,10	0	0243
Cs	8,8	0	0244
Ye	7,10	0	0245
bb	4,10	0	0246
sc	8,10,3	0	0247
ad	6,9	0	0250
co	12,10	0	0251
Of	6,10	0	0252
Fo	8,6	0	0253
tno	9,5	0	0254
-	5,4	0	0255
hy	"
rg	12,10	0	0256
a-	6,9	0	0257
de	6,10	0	0260
t+-	9,9	0	0261
S2	4,10	0	0262
S3	4,10	0	0263
aa	6,10	0	0264
mc	7,7,3	0	0265
ps	8,10,3	0	0266
pc	4,5	0	0267
ac	5,0,3	0	0270
S1	4,10	0	0271
Om	6,10	0	0272
Fc	8,6	0	0273
14	10,10	0	0274
12	10,10	0	0275
34	10,10	0	0276
r?	8,7,3	0	0277
`A	9,13	0	0300
'A	9,13	0	0301
^A	9,13	0	0302
~A	9,13	0	0303
:A	9,13	0	0304
oA	9,13	0	0305
AE	14,10	0	0306
,C	9,10,3	0	0307
`E	10,13	0	0310
'E	10,13	0	0311
^E	10,13	0	0312
:E	10,13	0	0313
`I	5,13	0	0314
'I	5,13	0	0315
^I	5,13	0	0316
:I	5,13	0	0317
-D	10,10	0	0320
~N	11,13	0	0321
`O	10,13	0	0322
'O	10,13	0	0323
^O	10,13	0	0324
~O	10,13	0	0325
:O	10,13	0	0326
tmu	9,7	0	0327
/O	10,11,1	0	0330
`U	10,13	0	0331
'U	10,13	0	0332
^U	10,13	0	0333
:U	10,13	0	0334
'Y	8,13	0	0335
TP	9,10	0	0336
ss	7,10,3	0	0337
`a	8,10	0	0340
'a	8,10	0	0341
^a	8,11	0	0342
~a	8,10	0	0343
:a	8,10	0	0344
oa	8,11	0	0345
ae	11,7	0	0346
,c	6,7,3	0	0347
`e	7,10	0	0350
'e	7,10	0	0351
^e	7,11	0	0352
:e	7,10	0	0353
`i	4,10	0	0354
'i	4,10	0	0355
^i	4,11	0	0356
:i	4,10	0	0357
Sd	7,10	0	0360
~n	8,10	0	0361
`o	7,10	0	0362
'o	7,10	0	0363
^o	7,11	0	0364
~o	7,10	0	0365
:o	7,10	0	0366
tdi	9,7	0	0367
/o	7,8,1	0	0370
`u	7,10	0	0371
'u	7,10	0	0372
^u	7,11	0	0373
:u	7,10	0	0374
'y	6,10,2	0	0375
Tp	7,10,3	0	0376
:y	6,10,2	0	0377
