#	$OpenBSD: primes,v 1.2 2001/01/28 23:31:27 niklas Exp $

# Time Type Tests Tries Size Generator Modulus
20000522203501 2 6 100 1025 2 2abb47271a1809f247f4433065ee7087815d189e8e2bec67827d173b078cd78bf4adc5bd775679384d763216edc12157afec6eb4d2435a2fc793183fafadc9ff35b5c87471da1e56600203f11ae654a377c80101957a0c0044ee9ae96e8a7cc785a629c17ca5d5ef2a981b83417db75f9616e0ffcbc92d440eb73a2cc589ab15b
20000522203627 2 6 100 1025 2 2abb47271a1809f247f4433065ee7087815d189e8e2bec67827d173b078cd78bf4adc5bd775679384d763216edc12157afec6eb4d2435a2fc793183fafadc9ff35b5c87471da1e56600203f11ae654a377c80101957a0c0044ee9ae96e8a7cc785a629c17ca5d5ef2a981b83417db75f9616e0ffcbc92d440eb73a2cc58c16733
20000522203759 2 6 100 1025 2 2abb47271a1809f247f4433065ee7087815d189e8e2bec67827d173b078cd78bf4adc5bd775679384d763216edc12157afec6eb4d2435a2fc793183fafadc9ff35b5c87471da1e56600203f11ae654a377c80101957a0c0044ee9ae96e8a7cc785a629c17ca5d5ef2a981b83417db75f9616e0ffcbc92d440eb73a2cc58ee9dc3
20000522204003 2 6 100 1025 2 2abb47271a1809f247f4433065ee7087815d189e8e2bec67827d173b078cd78bf4adc5bd775679384d763216edc12157afec6eb4d2435a2fc793183fafadc9ff35b5c87471da1e56600203f11ae654a377c80101957a0c0044ee9ae96e8a7cc785a629c17ca5d5ef2a981b83417db75f9616e0ffcbc92d440eb73a2cc592e0f7b
20000522204023 2 6 100 1025 2 2abb47271a1809f247f4433065ee7087815d189e8e2bec67827d173b078cd78bf4adc5bd775679384d763216edc12157afec6eb4d2435a2fc793183fafadc9ff35b5c87471da1e56600203f11ae654a377c80101957a0c0044ee9ae96e8a7cc785a629c17ca5d5ef2a981b83417db75f9616e0ffcbc92d440eb73a2cc592fbea3
20000522204041 2 6 100 1025 2 2abb47271a1809f247f4433065ee7087815d189e8e2bec67827d173b078cd78bf4adc5bd775679384d763216edc12157afec6eb4d2435a2fc793183fafadc9ff35b5c87471da1e56600203f11ae654a377c80101957a0c0044ee9ae96e8a7cc785a629c17ca5d5ef2a981b83417db75f9616e0ffcbc92d440eb73a2cc5931088b
20000522204128 2 6 100 1025 2 2abb47271a1809f247f4433065ee7087815d189e8e2bec67827d173b078cd78bf4adc5bd775679384d763216edc12157afec6eb4d2435a2fc793183fafadc9ff35b5c87471da1e56600203f11ae654a377c80101957a0c0044ee9ae96e8a7cc785a629c17ca5d5ef2a981b83417db75f9616e0ffcbc92d440eb73a2cc59434203
20000522204251 2 6 100 1025 2 2abb47271a1809f247f4433065ee7087815d189e8e2bec67827d173b078cd78bf4adc5bd775679384d763216edc12157afec6eb4d2435a2fc793183fafadc9ff35b5c87471da1e56600203f11ae654a377c80101957a0c0044ee9ae96e8a7cc785a629c17ca5d5ef2a981b83417db75f9616e0ffcbc92d440eb73a2cc5969401b
20000522204314 2 6 100 1025 2 2abb47271a1809f247f4433065ee7087815d189e8e2bec67827d173b078cd78bf4adc5bd775679384d763216edc12157afec6eb4d2435a2fc793183fafadc9ff35b5c87471da1e56600203f11ae654a377c80101957a0c0044ee9ae96e8a7cc785a629c17ca5d5ef2a981b83417db75f9616e0ffcbc92d440eb73a2cc596b4efb
20000522204337 2 6 100 1025 2 2abb47271a1809f247f4433065ee7087815d189e8e2bec67827d173b078cd78bf4adc5bd775679384d763216edc12157afec6eb4d2435a2fc793183fafadc9ff35b5c87471da1e56600203f11ae654a377c80101957a0c0044ee9ae96e8a7cc785a629c17ca5d5ef2a981b83417db75f9616e0ffcbc92d440eb73a2cc596dd953
20000522204423 2 6 100 1025 2 2abb47271a1809f247f4433065ee7087815d189e8e2bec67827d173b078cd78bf4adc5bd775679384d763216edc12157afec6eb4d2435a2fc793183fafadc9ff35b5c87471da1e56600203f11ae654a377c80101957a0c0044ee9ae96e8a7cc785a629c17ca5d5ef2a981b83417db75f9616e0ffcbc92d440eb73a2cc597da68b
20000522204458 2 6 100 1025 2 2abb47271a1809f247f4433065ee7087815d189e8e2bec67827d173b078cd78bf4adc5bd775679384d763216edc12157afec6eb4d2435a2fc793183fafadc9ff35b5c87471da1e56600203f11ae654a377c80101957a0c0044ee9ae96e8a7cc785a629c17ca5d5ef2a981b83417db75f9616e0ffcbc92d440eb73a2cc5984e833
20000522204530 2 6 100 1025 2 2abb47271a1809f247f4433065ee7087815d189e8e2bec67827d173b078cd78bf4adc5bd775679384d763216edc12157afec6eb4d2435a2fc793183fafadc9ff35b5c87471da1e56600203f11ae654a377c80101957a0c0044ee9ae96e8a7cc785a629c17ca5d5ef2a981b83417db75f9616e0ffcbc92d440eb73a2cc598bb68b
20000522204551 2 6 100 1025 2 2abb47271a1809f247f4433065ee7087815d189e8e2bec67827d173b078cd78bf4adc5bd775679384d763216edc12157afec6eb4d2435a2fc793183fafadc9ff35b5c87471da1e56600203f11ae654a377c80101957a0c0044ee9ae96e8a7cc785a629c17ca5d5ef2a981b83417db75f9616e0ffcbc92d440eb73a2cc598def3b
20000522204727 2 6 100 1025 2 2abb47271a1809f247f4433065ee7087815d189e8e2bec67827d173b078cd78bf4adc5bd775679384d763216edc12157afec6eb4d2435a2fc793183fafadc9ff35b5c87471da1e56600203f11ae654a377c80101957a0c0044ee9ae96e8a7cc785a629c17ca5d5ef2a981b83417db75f9616e0ffcbc92d440eb73a2cc59b8d5f3
20000522204750 2 6 100 1025 2 2abb47271a1809f247f4433065ee7087815d189e8e2bec67827d173b078cd78bf4adc5bd775679384d763216edc12157afec6eb4d2435a2fc793183fafadc9ff35b5c87471da1e56600203f11ae654a377c80101957a0c0044ee9ae96e8a7cc785a629c17ca5d5ef2a981b83417db75f9616e0ffcbc92d440eb73a2cc59bbc4fb
20000522204841 2 6 100 1025 2 2abb47271a1809f247f4433065ee7087815d189e8e2bec67827d173b078cd78bf4adc5bd775679384d763216edc12157afec6eb4d2435a2fc793183fafadc9ff35b5c87471da1e56600203f11ae654a377c80101957a0c0044ee9ae96e8a7cc785a629c17ca5d5ef2a981b83417db75f9616e0ffcbc92d440eb73a2cc59cfa1fb
20000522205105 2 6 100 1025 2 2abb47271a1809f247f4433065ee7087815d189e8e2bec67827d173b078cd78bf4adc5bd775679384d763216edc12157afec6eb4d2435a2fc793183fafadc9ff35b5c87471da1e56600203f11ae654a377c80101957a0c0044ee9ae96e8a7cc785a629c17ca5d5ef2a981b83417db75f9616e0ffcbc92d440eb73a2cc5a20812b
20000522205142 2 6 100 1025 2 2abb47271a1809f247f4433065ee7087815d189e8e2bec67827d173b078cd78bf4adc5bd775679384d763216edc12157afec6eb4d2435a2fc793183fafadc9ff35b5c87471da1e56600203f11ae654a377c80101957a0c0044ee9ae96e8a7cc785a629c17ca5d5ef2a981b83417db75f9616e0ffcbc92d440eb73a2cc5a2c65b3
20000522205216 2 6 100 1025 2 2abb47271a1809f247f4433065ee7087815d189e8e2bec67827d173b078cd78bf4adc5bd775679384d763216edc12157afec6eb4d2435a2fc793183fafadc9ff35b5c87471da1e56600203f11ae654a377c80101957a0c0044ee9ae96e8a7cc785a629c17ca5d5ef2a981b83417db75f9616e0ffcbc92d440eb73a2cc5a356e23
20000522205340 2 6 100 1025 2 2abb47271a1809f247f4433065ee7087815d189e8e2bec67827d173b078cd78bf4adc5bd775679384d763216edc12157afec6eb4d2435a2fc793183fafadc9ff35b5c87471da1e56600203f11ae654a377c80101957a0c0044ee9ae96e8a7cc785a629c17ca5d5ef2a981b83417db75f9616e0ffcbc92d440eb73a2cc5a5d0ea3
20000523002213 2 6 100 1025 2 2abb47271a1809f247f4433065ee7087815d189e8e2bec67827d173b078cd78bf4adc5bd775679384d763216edc12157afec6eb4d2435a2fc793183fafadc9ff35b5c87471da1e56600203f11ae654a377c80101957a0c0044ee9ae96e8a7cc785a629c17ca5d5ef2a981b83417db75f9616e0ffcbc92d440eb73a2cc589ab15b
20000523002333 2 6 100 1025 2 2abb47271a1809f247f4433065ee7087815d189e8e2bec67827d173b078cd78bf4adc5bd775679384d763216edc12157afec6eb4d2435a2fc793183fafadc9ff35b5c87471da1e56600203f11ae654a377c80101957a0c0044ee9ae96e8a7cc785a629c17ca5d5ef2a981b83417db75f9616e0ffcbc92d440eb73a2cc58c16733
20000523002506 2 6 100 1025 2 2abb47271a1809f247f4433065ee7087815d189e8e2bec67827d173b078cd78bf4adc5bd775679384d763216edc12157afec6eb4d2435a2fc793183fafadc9ff35b5c87471da1e56600203f11ae654a377c80101957a0c0044ee9ae96e8a7cc785a629c17ca5d5ef2a981b83417db75f9616e0ffcbc92d440eb73a2cc58ee9dc3
20000523002708 2 6 100 1025 2 2abb47271a1809f247f4433065ee7087815d189e8e2bec67827d173b078cd78bf4adc5bd775679384d763216edc12157afec6eb4d2435a2fc793183fafadc9ff35b5c87471da1e56600203f11ae654a377c80101957a0c0044ee9ae96e8a7cc785a629c17ca5d5ef2a981b83417db75f9616e0ffcbc92d440eb73a2cc592e0f7b
20000523002728 2 6 100 1025 2 2abb47271a1809f247f4433065ee7087815d189e8e2bec67827d173b078cd78bf4adc5bd775679384d763216edc12157afec6eb4d2435a2fc793183fafadc9ff35b5c87471da1e56600203f11ae654a377c80101957a0c0044ee9ae96e8a7cc785a629c17ca5d5ef2a981b83417db75f9616e0ffcbc92d440eb73a2cc592fbea3
20000523002746 2 6 100 1025 2 2abb47271a1809f247f4433065ee7087815d189e8e2bec67827d173b078cd78bf4adc5bd775679384d763216edc12157afec6eb4d2435a2fc793183fafadc9ff35b5c87471da1e56600203f11ae654a377c80101957a0c0044ee9ae96e8a7cc785a629c17ca5d5ef2a981b83417db75f9616e0ffcbc92d440eb73a2cc5931088b
20000523002834 2 6 100 1025 2 2abb47271a1809f247f4433065ee7087815d189e8e2bec67827d173b078cd78bf4adc5bd775679384d763216edc12157afec6eb4d2435a2fc793183fafadc9ff35b5c87471da1e56600203f11ae654a377c80101957a0c0044ee9ae96e8a7cc785a629c17ca5d5ef2a981b83417db75f9616e0ffcbc92d440eb73a2cc59434203
20000523002958 2 6 100 1025 2 2abb47271a1809f247f4433065ee7087815d189e8e2bec67827d173b078cd78bf4adc5bd775679384d763216edc12157afec6eb4d2435a2fc793183fafadc9ff35b5c87471da1e56600203f11ae654a377c80101957a0c0044ee9ae96e8a7cc785a629c17ca5d5ef2a981b83417db75f9616e0ffcbc92d440eb73a2cc5969401b
20000523003018 2 6 100 1025 2 2abb47271a1809f247f4433065ee7087815d189e8e2bec67827d173b078cd78bf4adc5bd775679384d763216edc12157afec6eb4d2435a2fc793183fafadc9ff35b5c87471da1e56600203f11ae654a377c80101957a0c0044ee9ae96e8a7cc785a629c17ca5d5ef2a981b83417db75f9616e0ffcbc92d440eb73a2cc596b4efb
20000523003040 2 6 100 1025 2 2abb47271a1809f247f4433065ee7087815d189e8e2bec67827d173b078cd78bf4adc5bd775679384d763216edc12157afec6eb4d2435a2fc793183fafadc9ff35b5c87471da1e56600203f11ae654a377c80101957a0c0044ee9ae96e8a7cc785a629c17ca5d5ef2a981b83417db75f9616e0ffcbc92d440eb73a2cc596dd953
20000523003122 2 6 100 1025 2 2abb47271a1809f247f4433065ee7087815d189e8e2bec67827d173b078cd78bf4adc5bd775679384d763216edc12157afec6eb4d2435a2fc793183fafadc9ff35b5c87471da1e56600203f11ae654a377c80101957a0c0044ee9ae96e8a7cc785a629c17ca5d5ef2a981b83417db75f9616e0ffcbc92d440eb73a2cc597da68b
20000523003151 2 6 100 1025 2 2abb47271a1809f247f4433065ee7087815d189e8e2bec67827d173b078cd78bf4adc5bd775679384d763216edc12157afec6eb4d2435a2fc793183fafadc9ff35b5c87471da1e56600203f11ae654a377c80101957a0c0044ee9ae96e8a7cc785a629c17ca5d5ef2a981b83417db75f9616e0ffcbc92d440eb73a2cc5984e833
20000523003220 2 6 100 1025 2 2abb47271a1809f247f4433065ee7087815d189e8e2bec67827d173b078cd78bf4adc5bd775679384d763216edc12157afec6eb4d2435a2fc793183fafadc9ff35b5c87471da1e56600203f11ae654a377c80101957a0c0044ee9ae96e8a7cc785a629c17ca5d5ef2a981b83417db75f9616e0ffcbc92d440eb73a2cc598bb68b
20000523003240 2 6 100 1025 2 2abb47271a1809f247f4433065ee7087815d189e8e2bec67827d173b078cd78bf4adc5bd775679384d763216edc12157afec6eb4d2435a2fc793183fafadc9ff35b5c87471da1e56600203f11ae654a377c80101957a0c0044ee9ae96e8a7cc785a629c17ca5d5ef2a981b83417db75f9616e0ffcbc92d440eb73a2cc598def3b
20000523003415 2 6 100 1025 2 2abb47271a1809f247f4433065ee7087815d189e8e2bec67827d173b078cd78bf4adc5bd775679384d763216edc12157afec6eb4d2435a2fc793183fafadc9ff35b5c87471da1e56600203f11ae654a377c80101957a0c0044ee9ae96e8a7cc785a629c17ca5d5ef2a981b83417db75f9616e0ffcbc92d440eb73a2cc59b8d5f3
20000523003437 2 6 100 1025 2 2abb47271a1809f247f4433065ee7087815d189e8e2bec67827d173b078cd78bf4adc5bd775679384d763216edc12157afec6eb4d2435a2fc793183fafadc9ff35b5c87471da1e56600203f11ae654a377c80101957a0c0044ee9ae96e8a7cc785a629c17ca5d5ef2a981b83417db75f9616e0ffcbc92d440eb73a2cc59bbc4fb
20000523003527 2 6 100 1025 2 2abb47271a1809f247f4433065ee7087815d189e8e2bec67827d173b078cd78bf4adc5bd775679384d763216edc12157afec6eb4d2435a2fc793183fafadc9ff35b5c87471da1e56600203f11ae654a377c80101957a0c0044ee9ae96e8a7cc785a629c17ca5d5ef2a981b83417db75f9616e0ffcbc92d440eb73a2cc59cfa1fb
20000523003808 2 6 100 1025 2 2abb47271a1809f247f4433065ee7087815d189e8e2bec67827d173b078cd78bf4adc5bd775679384d763216edc12157afec6eb4d2435a2fc793183fafadc9ff35b5c87471da1e56600203f11ae654a377c80101957a0c0044ee9ae96e8a7cc785a629c17ca5d5ef2a981b83417db75f9616e0ffcbc92d440eb73a2cc5a20812b
20000523003847 2 6 100 1025 2 2abb47271a1809f247f4433065ee7087815d189e8e2bec67827d173b078cd78bf4adc5bd775679384d763216edc12157afec6eb4d2435a2fc793183fafadc9ff35b5c87471da1e56600203f11ae654a377c80101957a0c0044ee9ae96e8a7cc785a629c17ca5d5ef2a981b83417db75f9616e0ffcbc92d440eb73a2cc5a2c65b3
20000523132221 2 6 100 1025 2 2abb47271a1809f247f4433065ee7087815d189e8e2bec67827d173b078cd78bf4adc5bd775679384d763216edc12157afec6eb4d2435a2fc793183fafadc9ff35b5c87471da1e56600203f11ae654a377c80101957a0c0044ee9ae96e8a7cc785a629c17ca5d5ef2a981b83417db75f9616e0ffcbc92d440eb73a2cc5a356e23
20000523132348 2 6 100 1025 2 2abb47271a1809f247f4433065ee7087815d189e8e2bec67827d173b078cd78bf4adc5bd775679384d763216edc12157afec6eb4d2435a2fc793183fafadc9ff35b5c87471da1e56600203f11ae654a377c80101957a0c0044ee9ae96e8a7cc785a629c17ca5d5ef2a981b83417db75f9616e0ffcbc92d440eb73a2cc5a5d0ea3
20000523133632 2 6 100 2048 2 13adce8b316247c62077274d989c505ac8651f4ea63ad3715a49ebf7dc2aa74fc280ac8e3423453ec767e571fa0cf65a9585692669231b0fbbcf418bf4a4bbe2bb7d34904d1494927827dad9a34d08345ecd0374d6487815684affc279854d6eee72cb7941855cc46fd3ee056eb410a57c306185cd13e3d93acb336eb8f62bc61c311b0992dafbd35a835ca46aab4be71ca8a14b98b4fdd72a085115dc46531f711ba4ad41533aab44ef839d7952b7c4655a3309eefbbc3fe8df211397e58df223596c695a8993be7d81ec52b9891a51ece620fdeb8c4d1dad87f979ba375cde357bdd78d4672ea176521a9ef0c0e842d62cdef309b6ed2cd41cb029296c38f3b
20000523134422 2 6 100 2048 2 13adce8b316247c62077274d989c505ac8651f4ea63ad3715a49ebf7dc2aa74fc280ac8e3423453ec767e571fa0cf65a9585692669231b0fbbcf418bf4a4bbe2bb7d34904d1494927827dad9a34d08345ecd0374d6487815684affc279854d6eee72cb7941855cc46fd3ee056eb410a57c306185cd13e3d93acb336eb8f62bc61c311b0992dafbd35a835ca46aab4be71ca8a14b98b4fdd72a085115dc46531f711ba4ad41533aab44ef839d7952b7c4655a3309eefbbc3fe8df211397e58df223596c695a8993be7d81ec52b9891a51ece620fdeb8c4d1dad87f979ba375cde357bdd78d4672ea176521a9ef0c0e842d62cdef309b6ed2cd41cb029296e2b50b
20000523140206 2 6 100 2048 2 13adce8b316247c62077274d989c505ac8651f4ea63ad3715a49ebf7dc2aa74fc280ac8e3423453ec767e571fa0cf65a9585692669231b0fbbcf418bf4a4bbe2bb7d34904d1494927827dad9a34d08345ecd0374d6487815684affc279854d6eee72cb7941855cc46fd3ee056eb410a57c306185cd13e3d93acb336eb8f62bc61c311b0992dafbd35a835ca46aab4be71ca8a14b98b4fdd72a085115dc46531f711ba4ad41533aab44ef839d7952b7c4655a3309eefbbc3fe8df211397e58df223596c695a8993be7d81ec52b9891a51ece620fdeb8c4d1dad87f979ba375cde357bdd78d4672ea176521a9ef0c0e842d62cdef309b6ed2cd41cb029297404d63
20000523142316 2 6 100 2048 2 13adce8b316247c62077274d989c505ac8651f4ea63ad3715a49ebf7dc2aa74fc280ac8e3423453ec767e571fa0cf65a9585692669231b0fbbcf418bf4a4bbe2bb7d34904d1494927827dad9a34d08345ecd0374d6487815684affc279854d6eee72cb7941855cc46fd3ee056eb410a57c306185cd13e3d93acb336eb8f62bc61c311b0992dafbd35a835ca46aab4be71ca8a14b98b4fdd72a085115dc46531f711ba4ad41533aab44ef839d7952b7c4655a3309eefbbc3fe8df211397e58df223596c695a8993be7d81ec52b9891a51ece620fdeb8c4d1dad87f979ba375cde357bdd78d4672ea176521a9ef0c0e842d62cdef309b6ed2cd41cb029297b3296b
20000523144727 2 6 100 2048 2 13adce8b316247c62077274d989c505ac8651f4ea63ad3715a49ebf7dc2aa74fc280ac8e3423453ec767e571fa0cf65a9585692669231b0fbbcf418bf4a4bbe2bb7d34904d1494927827dad9a34d08345ecd0374d6487815684affc279854d6eee72cb7941855cc46fd3ee056eb410a57c306185cd13e3d93acb336eb8f62bc61c311b0992dafbd35a835ca46aab4be71ca8a14b98b4fdd72a085115dc46531f711ba4ad41533aab44ef839d7952b7c4655a3309eefbbc3fe8df211397e58df223596c695a8993be7d81ec52b9891a51ece620fdeb8c4d1dad87f979ba375cde357bdd78d4672ea176521a9ef0c0e842d62cdef309b6ed2cd41cb02929837023b
20000523152219 2 6 100 2048 2 13adce8b316247c62077274d989c505ac8651f4ea63ad3715a49ebf7dc2aa74fc280ac8e3423453ec767e571fa0cf65a9585692669231b0fbbcf418bf4a4bbe2bb7d34904d1494927827dad9a34d08345ecd0374d6487815684affc279854d6eee72cb7941855cc46fd3ee056eb410a57c306185cd13e3d93acb336eb8f62bc61c311b0992dafbd35a835ca46aab4be71ca8a14b98b4fdd72a085115dc46531f711ba4ad41533aab44ef839d7952b7c4655a3309eefbbc3fe8df211397e58df223596c695a8993be7d81ec52b9891a51ece620fdeb8c4d1dad87f979ba375cde357bdd78d4672ea176521a9ef0c0e842d62cdef309b6ed2cd41cb029298fcdf8b
20000523160139 2 6 100 2048 2 13adce8b316247c62077274d989c505ac8651f4ea63ad3715a49ebf7dc2aa74fc280ac8e3423453ec767e571fa0cf65a9585692669231b0fbbcf418bf4a4bbe2bb7d34904d1494927827dad9a34d08345ecd0374d6487815684affc279854d6eee72cb7941855cc46fd3ee056eb410a57c306185cd13e3d93acb336eb8f62bc61c311b0992dafbd35a835ca46aab4be71ca8a14b98b4fdd72a085115dc46531f711ba4ad41533aab44ef839d7952b7c4655a3309eefbbc3fe8df211397e58df223596c695a8993be7d81ec52b9891a51ece620fdeb8c4d1dad87f979ba375cde357bdd78d4672ea176521a9ef0c0e842d62cdef309b6ed2cd41cb029299d2ddcb
20000523161127 2 6 100 2048 2 13adce8b316247c62077274d989c505ac8651f4ea63ad3715a49ebf7dc2aa74fc280ac8e3423453ec767e571fa0cf65a9585692669231b0fbbcf418bf4a4bbe2bb7d34904d1494927827dad9a34d08345ecd0374d6487815684affc279854d6eee72cb7941855cc46fd3ee056eb410a57c306185cd13e3d93acb336eb8f62bc61c311b0992dafbd35a835ca46aab4be71ca8a14b98b4fdd72a085115dc46531f711ba4ad41533aab44ef839d7952b7c4655a3309eefbbc3fe8df211397e58df223596c695a8993be7d81ec52b9891a51ece620fdeb8c4d1dad87f979ba375cde357bdd78d4672ea176521a9ef0c0e842d62cdef309b6ed2cd41cb02929a06becb
20000523161954 2 6 100 2048 2 13adce8b316247c62077274d989c505ac8651f4ea63ad3715a49ebf7dc2aa74fc280ac8e3423453ec767e571fa0cf65a9585692669231b0fbbcf418bf4a4bbe2bb7d34904d1494927827dad9a34d08345ecd0374d6487815684affc279854d6eee72cb7941855cc46fd3ee056eb410a57c306185cd13e3d93acb336eb8f62bc61c311b0992dafbd35a835ca46aab4be71ca8a14b98b4fdd72a085115dc46531f711ba4ad41533aab44ef839d7952b7c4655a3309eefbbc3fe8df211397e58df223596c695a8993be7d81ec52b9891a51ece620fdeb8c4d1dad87f979ba375cde357bdd78d4672ea176521a9ef0c0e842d62cdef309b6ed2cd41cb02929a2be213
20000523163925 2 6 100 2048 2 13adce8b316247c62077274d989c505ac8651f4ea63ad3715a49ebf7dc2aa74fc280ac8e3423453ec767e571fa0cf65a9585692669231b0fbbcf418bf4a4bbe2bb7d34904d1494927827dad9a34d08345ecd0374d6487815684affc279854d6eee72cb7941855cc46fd3ee056eb410a57c306185cd13e3d93acb336eb8f62bc61c311b0992dafbd35a835ca46aab4be71ca8a14b98b4fdd72a085115dc46531f711ba4ad41533aab44ef839d7952b7c4655a3309eefbbc3fe8df211397e58df223596c695a8993be7d81ec52b9891a51ece620fdeb8c4d1dad87f979ba375cde357bdd78d4672ea176521a9ef0c0e842d62cdef309b6ed2cd41cb02929a7f10eb
20000524131812 2 6 100 2048 2 13adce8b316247c62077274d989c505ac8651f4ea63ad3715a49ebf7dc2aa74fc280ac8e3423453ec767e571fa0cf65a9585692669231b0fbbcf418bf4a4bbe2bb7d34904d1494927827dad9a34d08345ecd0374d6487815684affc279854d6eee72cb7941855cc46fd3ee056eb410a57c306185cd13e3d93acb336eb8f62bc61c311b0992dafbd35a835ca46aab4be71ca8a14b98b4fdd72a085115dc46531f711ba4ad41533aab44ef839d7952b7c4655a3309eefbbc3fe8df211397e58df223596c695a8993be7d81ec52b9891a51ece620fdeb8c4d1dad87f979ba375cde357bdd78d4672ea176521a9ef0c0e842d62cdef309b6ed2cd41cb02929b9678e3
20000524132825 2 6 100 2048 2 13adce8b316247c62077274d989c505ac8651f4ea63ad3715a49ebf7dc2aa74fc280ac8e3423453ec767e571fa0cf65a9585692669231b0fbbcf418bf4a4bbe2bb7d34904d1494927827dad9a34d08345ecd0374d6487815684affc279854d6eee72cb7941855cc46fd3ee056eb410a57c306185cd13e3d93acb336eb8f62bc61c311b0992dafbd35a835ca46aab4be71ca8a14b98b4fdd72a085115dc46531f711ba4ad41533aab44ef839d7952b7c4655a3309eefbbc3fe8df211397e58df223596c695a8993be7d81ec52b9891a51ece620fdeb8c4d1dad87f979ba375cde357bdd78d4672ea176521a9ef0c0e842d62cdef309b6ed2cd41cb02929bc95393
20000524134006 2 6 100 2048 2 13adce8b316247c62077274d989c505ac8651f4ea63ad3715a49ebf7dc2aa74fc280ac8e3423453ec767e571fa0cf65a9585692669231b0fbbcf418bf4a4bbe2bb7d34904d1494927827dad9a34d08345ecd0374d6487815684affc279854d6eee72cb7941855cc46fd3ee056eb410a57c306185cd13e3d93acb336eb8f62bc61c311b0992dafbd35a835ca46aab4be71ca8a14b98b4fdd72a085115dc46531f711ba4ad41533aab44ef839d7952b7c4655a3309eefbbc3fe8df211397e58df223596c695a8993be7d81ec52b9891a51ece620fdeb8c4d1dad87f979ba375cde357bdd78d4672ea176521a9ef0c0e842d62cdef309b6ed2cd41cb02929c01c4b3
20000524135411 2 6 100 2048 2 13adce8b316247c62077274d989c505ac8651f4ea63ad3715a49ebf7dc2aa74fc280ac8e3423453ec767e571fa0cf65a9585692669231b0fbbcf418bf4a4bbe2bb7d34904d1494927827dad9a34d08345ecd0374d6487815684affc279854d6eee72cb7941855cc46fd3ee056eb410a57c306185cd13e3d93acb336eb8f62bc61c311b0992dafbd35a835ca46aab4be71ca8a14b98b4fdd72a085115dc46531f711ba4ad41533aab44ef839d7952b7c4655a3309eefbbc3fe8df211397e58df223596c695a8993be7d81ec52b9891a51ece620fdeb8c4d1dad87f979ba375cde357bdd78d4672ea176521a9ef0c0e842d62cdef309b6ed2cd41cb02929c497d43
20000524135734 2 6 100 2048 2 13adce8b316247c62077274d989c505ac8651f4ea63ad3715a49ebf7dc2aa74fc280ac8e3423453ec767e571fa0cf65a9585692669231b0fbbcf418bf4a4bbe2bb7d34904d1494927827dad9a34d08345ecd0374d6487815684affc279854d6eee72cb7941855cc46fd3ee056eb410a57c306185cd13e3d93acb336eb8f62bc61c311b0992dafbd35a835ca46aab4be71ca8a14b98b4fdd72a085115dc46531f711ba4ad41533aab44ef839d7952b7c4655a3309eefbbc3fe8df211397e58df223596c695a8993be7d81ec52b9891a51ece620fdeb8c4d1dad87f979ba375cde357bdd78d4672ea176521a9ef0c0e842d62cdef309b6ed2cd41cb02929c53d50b
20000525100237 2 6 100 2048 2 13adce8b316247c62077274d989c505ac8651f4ea63ad3715a49ebf7dc2aa74fc280ac8e3423453ec767e571fa0cf65a9585692669231b0fbbcf418bf4a4bbe2bb7d34904d1494927827dad9a34d08345ecd0374d6487815684affc279854d6eee72cb7941855cc46fd3ee056eb410a57c306185cd13e3d93acb336eb8f62bc61c311b0992dafbd35a835ca46aab4be71ca8a14b98b4fdd72a085115dc46531f711ba4ad41533aab44ef839d7952b7c4655a3309eefbbc3fe8df211397e58df223596c695a8993be7d81ec52b9891a51ece620fdeb8c4d1dad87f979ba375cde357bdd78d4672ea176521a9ef0c0e842d62cdef309b6ed2cd41cb02929cdb1183
20000525101209 2 6 100 2048 2 13adce8b316247c62077274d989c505ac8651f4ea63ad3715a49ebf7dc2aa74fc280ac8e3423453ec767e571fa0cf65a9585692669231b0fbbcf418bf4a4bbe2bb7d34904d1494927827dad9a34d08345ecd0374d6487815684affc279854d6eee72cb7941855cc46fd3ee056eb410a57c306185cd13e3d93acb336eb8f62bc61c311b0992dafbd35a835ca46aab4be71ca8a14b98b4fdd72a085115dc46531f711ba4ad41533aab44ef839d7952b7c4655a3309eefbbc3fe8df211397e58df223596c695a8993be7d81ec52b9891a51ece620fdeb8c4d1dad87f979ba375cde357bdd78d4672ea176521a9ef0c0e842d62cdef309b6ed2cd41cb02929d09073b
20000525101532 2 6 100 2048 2 13adce8b316247c62077274d989c505ac8651f4ea63ad3715a49ebf7dc2aa74fc280ac8e3423453ec767e571fa0cf65a9585692669231b0fbbcf418bf4a4bbe2bb7d34904d1494927827dad9a34d08345ecd0374d6487815684affc279854d6eee72cb7941855cc46fd3ee056eb410a57c306185cd13e3d93acb336eb8f62bc61c311b0992dafbd35a835ca46aab4be71ca8a14b98b4fdd72a085115dc46531f711ba4ad41533aab44ef839d7952b7c4655a3309eefbbc3fe8df211397e58df223596c695a8993be7d81ec52b9891a51ece620fdeb8c4d1dad87f979ba375cde357bdd78d4672ea176521a9ef0c0e842d62cdef309b6ed2cd41cb02929d12ae03
20000525102821 2 6 100 2048 2 13adce8b316247c62077274d989c505ac8651f4ea63ad3715a49ebf7dc2aa74fc280ac8e3423453ec767e571fa0cf65a9585692669231b0fbbcf418bf4a4bbe2bb7d34904d1494927827dad9a34d08345ecd0374d6487815684affc279854d6eee72cb7941855cc46fd3ee056eb410a57c306185cd13e3d93acb336eb8f62bc61c311b0992dafbd35a835ca46aab4be71ca8a14b98b4fdd72a085115dc46531f711ba4ad41533aab44ef839d7952b7c4655a3309eefbbc3fe8df211397e58df223596c695a8993be7d81ec52b9891a51ece620fdeb8c4d1dad87f979ba375cde357bdd78d4672ea176521a9ef0c0e842d62cdef309b6ed2cd41cb02929d547323
20000525103314 2 6 100 2048 2 13adce8b316247c62077274d989c505ac8651f4ea63ad3715a49ebf7dc2aa74fc280ac8e3423453ec767e571fa0cf65a9585692669231b0fbbcf418bf4a4bbe2bb7d34904d1494927827dad9a34d08345ecd0374d6487815684affc279854d6eee72cb7941855cc46fd3ee056eb410a57c306185cd13e3d93acb336eb8f62bc61c311b0992dafbd35a835ca46aab4be71ca8a14b98b4fdd72a085115dc46531f711ba4ad41533aab44ef839d7952b7c4655a3309eefbbc3fe8df211397e58df223596c695a8993be7d81ec52b9891a51ece620fdeb8c4d1dad87f979ba375cde357bdd78d4672ea176521a9ef0c0e842d62cdef309b6ed2cd41cb02929d65a2a3
20000525103516 2 6 100 2048 2 13adce8b316247c62077274d989c505ac8651f4ea63ad3715a49ebf7dc2aa74fc280ac8e3423453ec767e571fa0cf65a9585692669231b0fbbcf418bf4a4bbe2bb7d34904d1494927827dad9a34d08345ecd0374d6487815684affc279854d6eee72cb7941855cc46fd3ee056eb410a57c306185cd13e3d93acb336eb8f62bc61c311b0992dafbd35a835ca46aab4be71ca8a14b98b4fdd72a085115dc46531f711ba4ad41533aab44ef839d7952b7c4655a3309eefbbc3fe8df211397e58df223596c695a8993be7d81ec52b9891a51ece620fdeb8c4d1dad87f979ba375cde357bdd78d4672ea176521a9ef0c0e842d62cdef309b6ed2cd41cb02929d66b373
20000525104424 2 6 100 2048 2 13adce8b316247c62077274d989c505ac8651f4ea63ad3715a49ebf7dc2aa74fc280ac8e3423453ec767e571fa0cf65a9585692669231b0fbbcf418bf4a4bbe2bb7d34904d1494927827dad9a34d08345ecd0374d6487815684affc279854d6eee72cb7941855cc46fd3ee056eb410a57c306185cd13e3d93acb336eb8f62bc61c311b0992dafbd35a835ca46aab4be71ca8a14b98b4fdd72a085115dc46531f711ba4ad41533aab44ef839d7952b7c4655a3309eefbbc3fe8df211397e58df223596c695a8993be7d81ec52b9891a51ece620fdeb8c4d1dad87f979ba375cde357bdd78d4672ea176521a9ef0c0e842d62cdef309b6ed2cd41cb02929d923c13
20000525104817 2 6 100 2048 2 13adce8b316247c62077274d989c505ac8651f4ea63ad3715a49ebf7dc2aa74fc280ac8e3423453ec767e571fa0cf65a9585692669231b0fbbcf418bf4a4bbe2bb7d34904d1494927827dad9a34d08345ecd0374d6487815684affc279854d6eee72cb7941855cc46fd3ee056eb410a57c306185cd13e3d93acb336eb8f62bc61c311b0992dafbd35a835ca46aab4be71ca8a14b98b4fdd72a085115dc46531f711ba4ad41533aab44ef839d7952b7c4655a3309eefbbc3fe8df211397e58df223596c695a8993be7d81ec52b9891a51ece620fdeb8c4d1dad87f979ba375cde357bdd78d4672ea176521a9ef0c0e842d62cdef309b6ed2cd41cb02929d9e8ce3
20000525105713 2 6 100 2048 2 13adce8b316247c62077274d989c505ac8651f4ea63ad3715a49ebf7dc2aa74fc280ac8e3423453ec767e571fa0cf65a9585692669231b0fbbcf418bf4a4bbe2bb7d34904d1494927827dad9a34d08345ecd0374d6487815684affc279854d6eee72cb7941855cc46fd3ee056eb410a57c306185cd13e3d93acb336eb8f62bc61c311b0992dafbd35a835ca46aab4be71ca8a14b98b4fdd72a085115dc46531f711ba4ad41533aab44ef839d7952b7c4655a3309eefbbc3fe8df211397e58df223596c695a8993be7d81ec52b9891a51ece620fdeb8c4d1dad87f979ba375cde357bdd78d4672ea176521a9ef0c0e842d62cdef309b6ed2cd41cb02929dc8fe6b
20000525110833 2 6 100 2048 2 13adce8b316247c62077274d989c505ac8651f4ea63ad3715a49ebf7dc2aa74fc280ac8e3423453ec767e571fa0cf65a9585692669231b0fbbcf418bf4a4bbe2bb7d34904d1494927827dad9a34d08345ecd0374d6487815684affc279854d6eee72cb7941855cc46fd3ee056eb410a57c306185cd13e3d93acb336eb8f62bc61c311b0992dafbd35a835ca46aab4be71ca8a14b98b4fdd72a085115dc46531f711ba4ad41533aab44ef839d7952b7c4655a3309eefbbc3fe8df211397e58df223596c695a8993be7d81ec52b9891a51ece620fdeb8c4d1dad87f979ba375cde357bdd78d4672ea176521a9ef0c0e842d62cdef309b6ed2cd41cb02929e0121eb
20000525111133 2 6 100 2048 2 13adce8b316247c62077274d989c505ac8651f4ea63ad3715a49ebf7dc2aa74fc280ac8e3423453ec767e571fa0cf65a9585692669231b0fbbcf418bf4a4bbe2bb7d34904d1494927827dad9a34d08345ecd0374d6487815684affc279854d6eee72cb7941855cc46fd3ee056eb410a57c306185cd13e3d93acb336eb8f62bc61c311b0992dafbd35a835ca46aab4be71ca8a14b98b4fdd72a085115dc46531f711ba4ad41533aab44ef839d7952b7c4655a3309eefbbc3fe8df211397e58df223596c695a8993be7d81ec52b9891a51ece620fdeb8c4d1dad87f979ba375cde357bdd78d4672ea176521a9ef0c0e842d62cdef309b6ed2cd41cb02929e093edb
