name CW
special
internalname cmtt10
spacewidth 550498
checksum -538297224
designsize 10485760
charset
*G	550498,640797	2	0000
*D	550498,640797	2	0001
*H	550498,640797	2	0002
*L	550498,640797	2	0003
*C	550498,640797	2	0004
*P	550498,640797	2	0005
*S	550498,640797	2	0006
*U	550498,640797	2	0007
*F	550498,640797	2	0010
*Q	550498,640797	2	0011
*W	550498,640797	2	0012
ff	550498,640797	2	0013
fi	550498,640797	2	0014
fl	550498,640797	2	0015
Fi	550498,407779,233018	1	0016
Fl	550498,407779,233018	1	0017
.i	550498,451470	0	0020
.j	550498,451470,233018	1	0021
ga	550498,640797	2	0022
char180	550498,640797	2	0023
aa	"
ah	550498,593466	2	0024
ab	550498,640797	2	0025
char175	550498,593027	2	0026
a-	"
ao	550498,640797	2	0027
char184	550498,0,203891	1	0030
ac	"
char223	550498,640797	2	0031
ss	"
char230	550498,451470	0	0032
ae	"
oe	550498,451470	0	0033
char248	550498,567979,116509	3	0034
/o	"
char198	550498,640797	2	0035
AE	"
OE	550498,640797	2	0036
char216	550498,699051,58254	3	0037
/O	"
---	550498,230104,116509	1	0040
!	550498,640797	2	0041
dq	550498,640797	2	0042
"	"
sh	550498,640797	2	0043
#	"
Do	550498,728178,87381	3	0044
$	"
%	550498,728178,87381	3	0045
&	550498,640797	2	0046
cq	550498,640797	2	0047
'	"
(	550498,728178,87379	3	0050
)	550498,728178,87379	3	0051
*	550498,546134	2	0052
+	550498,556326,-84470	2	0053
,	550498,131072,145635	1	0054
\-	550498,556326,-84470	2	0055
-	"
.	550498,131072	0	0056
sl	550498,728178,87379	3	0057
/	"
0	550498,640797	2	0060
1	550498,640797	2	0061
2	550498,640797	2	0062
3	550498,640797	2	0063
4	550498,640797	2	0064
5	550498,640797	2	0065
6	550498,640797	2	0066
7	550498,640797	2	0067
8	550498,640797	2	0070
9	550498,640797	2	0071
:	550498,451470	0	0072
;	550498,451470,145635	1	0073
<	550498,582542,-58254	2	0074
=	550498,435813,-204984	0	0075
>	550498,582542,-58254	2	0076
?	550498,640797	2	0077
at	550498,640797	2	0100
@	"
A	550498,640797	2	0101
B	550498,640797	2	0102
C	550498,640797	2	0103
D	550498,640797	2	0104
E	550498,640797	2	0105
F	550498,640797	2	0106
G	550498,640797	2	0107
H	550498,640797	2	0110
I	550498,640797	2	0111
J	550498,640797	2	0112
K	550498,640797	2	0113
L	550498,640797	2	0114
M	550498,640797	2	0115
N	550498,640797	2	0116
O	550498,640797	2	0117
P	550498,640797	2	0120
Q	550498,640797,145635	3	0121
R	550498,640797	2	0122
S	550498,640797	2	0123
T	550498,640797	2	0124
U	550498,640797	2	0125
V	550498,640797	2	0126
W	550498,640797	2	0127
X	550498,640797	2	0130
Y	550498,640797	2	0131
Z	550498,640797	2	0132
lB	550498,728178,87379	3	0133
[	"
rs	550498,728178,87379	3	0134
\	"
rB	550498,728178,87379	3	0135
]	"
ha	550498,640797	2	0136
^	"
a^	"
_	550498,0,99757	1	0137
oq	550498,640797	2	0140
`	"
a	550498,451470	0	0141
b	550498,640797	2	0142
c	550498,451470	0	0143
d	550498,640797	2	0144
e	550498,451470	0	0145
f	550498,640797	2	0146
g	550498,451470,233018	1	0147
h	550498,640797	2	0150
i	550498,640797	2	0151
j	550498,640797,233018	3	0152
k	550498,640797	2	0153
l	550498,640797	2	0154
m	550498,451470	0	0155
n	550498,451470	0	0156
o	550498,451470	0	0157
p	550498,451470,233018	1	0160
q	550498,451470,233018	1	0161
r	550498,451470	0	0162
s	550498,451470	0	0163
t	550498,580466	2	0164
u	550498,451470	0	0165
v	550498,451470	0	0166
w	550498,451470	0	0167
x	550498,451470	0	0170
y	550498,451470,233018	1	0171
z	550498,451470	0	0172
{	550498,728178,87379	3	0173
lC	"
|	550498,728178,87379	3	0174
ba	"
}	550498,728178,87379	3	0175
rC	"
~	550498,640797	2	0176
a~	"
---	550498,640797	2	0177
