name CWIEC
internalname ecit1000
spacewidth 550368
slant 14.036243
checksum 1900807883
designsize 10485760
charset
ga	550368,640640,0,182000	2	0000
aa	550368,640640,0,182000	2	0001
a^	550368,669760	2	0002
a~	550368,669760,0,182000	2	0003
ad	550368,640640,0,182000	2	0004
a"	550368,640640,0,182000	2	0005
ao	550368,669760,0,182000	2	0006
ah	550368,669760	2	0007
ab	550368,669760,0,182000	2	0010
a-	550368,640640,0,182000	2	0011
a.	550368,640640,0,182000	2	0012
ac	550368,0,203840,182000	1	0013
ho	550368,0,232960,182000	1	0014
bq	550368,131040,145600,182000	1	0015
fo	550368,460096,0,182000	2	0016
fc	550368,460096,0,182000	2	0017
lq	550368,640640,0,182000	2	0020
rq	550368,640640,0,182000	2	0021
Bq	550368,131040,145600,182000	1	0022
Fo	550368,460096,0,182000	2	0023
Fc	550368,460096,0,182000	2	0024
en	550368,451360,0,182000	0	0025
em	550368,451360,0,182000	0	0026
---	0,451360	0	0027
---	550368,728000,87360,182000	3	0030
.i	550368,451360,0,182000	0	0031
.j	550368,451360,232960,182000	1	0032
ff	550368,640640,232960,182000	3	0033
fi	550368,640640,232960,182000	3	0034
fl	550368,640640,232960,182000	3	0035
Fi	550368,640640,232960,182000	3	0036
Fl	550368,640640,232960,182000	3	0037
---	550368,451360,116480,182000	1	0040
!	550368,640640,0,182000	2	0041
dq	550368,640640,0,182000	2	0042
"	"
sh	550368,640640,0,182000	2	0043
#	"
Do	550368,728000,87360,182000	3	0044
$	"
%	550368,728000,87360,182000	3	0045
&	550368,640640,0,182000	2	0046
cq	550368,640640,0,182000	2	0047
'	"
(	550368,728000,87360,182000	3	0050
)	550368,728000,87360,182000	3	0051
*	550368,546000,0,182000	2	0052
pl	550368,556192,-84448,182000	2	0053
+	"
,	550368,131040,145600,182000	1	0054
-	550368,451360,0,182000	0	0055
.	550368,131040,0,182000	0	0056
sl	550368,728000,87360,182000	3	0057
/	"
0	550368,640640,0,182000	2	0060
1	550368,640640,0,182000	2	0061
2	550368,640640,0,182000	2	0062
3	550368,640640,0,182000	2	0063
4	550368,640640,232960,182000	3	0064
5	550368,640640,0,182000	2	0065
6	550368,640640,0,182000	2	0066
7	550368,640640,0,182000	2	0067
8	550368,640640,0,182000	2	0070
9	550368,640640,0,182000	2	0071
:	550368,451360,0,182000	0	0072
;	550368,451360,145600,182000	1	0073
<	550368,582400,-58240,182000	2	0074
eq	550368,435706,-204934,182000	0	0075
=	"
>	550368,582400,-58240,182000	2	0076
?	550368,640640,0,182000	2	0077
at	550368,640640,0,182000	2	0100
@	"
A	550368,640640,0,182000	2	0101
B	550368,640640,0,182000	2	0102
C	550368,640640,0,182000	2	0103
D	550368,640640,0,182000	2	0104
E	550368,640640,0,182000	2	0105
F	550368,640640,0,182000	2	0106
G	550368,640640,0,182000	2	0107
H	550368,640640,0,182000	2	0110
I	550368,640640,0,182000	2	0111
J	550368,640640,0,182000	2	0112
K	550368,640640,0,182000	2	0113
L	550368,640640,0,182000	2	0114
M	550368,640640,0,182000	2	0115
N	550368,640640,0,182000	2	0116
O	550368,640640,0,182000	2	0117
P	550368,640640,0,182000	2	0120
Q	550368,640640,145600,182000	3	0121
R	550368,640640,0,182000	2	0122
S	550368,640640,0,182000	2	0123
T	550368,640640,0,182000	2	0124
U	550368,640640,0,182000	2	0125
V	550368,640640,0,182000	2	0126
W	550368,640640,0,182000	2	0127
X	550368,640640,0,182000	2	0130
Y	550368,640640,0,182000	2	0131
Z	550368,640640,0,182000	2	0132
lB	550368,728000,87360,182000	3	0133
[	"
rs	550368,728000,87360,182000	3	0134
\	"
rB	550368,728000,87360,182000	3	0135
]	"
ha	550368,640640,0,182000	2	0136
^	"
_	550368,0,99733,182000	1	0137
oq	550368,640640,0,182000	2	0140
`	"
a	550368,451360,0,182000	0	0141
b	550368,640640,0,182000	2	0142
c	550368,451360,0,182000	0	0143
d	550368,640640,0,182000	2	0144
e	550368,451360,0,182000	0	0145
f	550368,640640,232960,182000	3	0146
g	550368,451360,232960,182000	1	0147
h	550368,640640,0,182000	2	0150
i	550368,640640,0,182000	2	0151
j	550368,640640,232960,182000	3	0152
k	550368,640640,0,182000	2	0153
l	550368,640640,0,182000	2	0154
m	550368,451360,0,182000	0	0155
n	550368,451360,0,182000	0	0156
o	550368,451360,0,182000	0	0157
p	550368,451360,232960,182000	1	0160
q	550368,451360,232960,182000	1	0161
r	550368,451360,0,182000	0	0162
s	550368,451360,0,182000	0	0163
t	550368,640640,0,182000	2	0164
u	550368,451360,0,182000	0	0165
v	550368,451360,0,182000	0	0166
w	550368,451360,0,182000	0	0167
x	550368,451360,0,182000	0	0170
y	550368,451360,232960,182000	1	0171
z	550368,451360,0,182000	0	0172
lC	550368,728000,87360,182000	3	0173
{	"
ba	550368,728000,87360,182000	3	0174
bv	"
or	"
|	"
rC	550368,728000,87360,182000	3	0175
}	"
~	550368,640640,0,182000	2	0176
hy	550368,451360,0,182000	0	0177
---	550368,859040,0,182000	2	0200
---	550368,640640,232960,182000	3	0201
'C	550368,816379,0,182000	2	0202
---	550368,859040,0,182000	2	0203
---	550368,859040,0,182000	2	0204
---	550368,859040,0,182000	2	0205
---	550368,640640,232960,182000	3	0206
---	550368,859040,0,182000	2	0207
---	550368,816379,0,182000	2	0210
---	550368,859040,0,182000	2	0211
/L	550368,640640,0,182000	2	0212
---	550368,816379,0,182000	2	0213
---	550368,859040,0,182000	2	0214
---	550368,640640,0,160160	2	0215
---	550368,816379,0,182000	2	0216
---	550368,816379,0,182000	2	0217
---	550368,859040,0,182000	2	0220
---	550368,816379,0,182000	2	0221
vS	550368,859040,0,182000	2	0222
---	550368,640640,203840,182000	3	0223
---	550368,859040,0,182000	2	0224
---	550368,640640,203840,182000	3	0225
---	550368,816379,0,182000	2	0226
---	550368,859040,0,182000	2	0227
:Y	550368,859040,0,182000	2	0230
---	550368,816379,0,182000	2	0231
vZ	550368,859040,0,182000	2	0232
---	550368,816379,0,182000	2	0233
IJ	550368,640640,0,182000	2	0234
---	550368,816379,0,182000	2	0235
---	550368,640640,0,182000	2	0236
sc	550368,640640,232960,182000	3	0237
---	550368,669760,0,182000	2	0240
---	550368,451360,232960,182000	1	0241
'c	550368,640640,0,182000	2	0242
---	550368,669760,0,182000	2	0243
---	550368,640640,0,182000	2	0244
---	550368,669760,0,182000	2	0245
---	550368,451360,232960,182000	1	0246
---	550368,669760,232960,182000	3	0247
---	550368,816379,0,182000	2	0250
---	550368,640640,0,182000	2	0251
/l	550368,640640,0,182000	2	0252
---	550368,640640,0,182000	2	0253
---	550368,669760,0,182000	2	0254
---	550368,451360,232960,182000	1	0255
---	550368,669760,0,182000	2	0256
---	550368,640640,0,182000	2	0257
---	550368,669760,0,182000	2	0260
---	550368,640640,0,182000	2	0261
vs	550368,669760,0,182000	2	0262
---	550368,451360,203840,182000	1	0263
---	550368,640640,0,182000	2	0264
---	550368,640640,203840,182000	3	0265
---	550368,640640,0,182000	2	0266
---	550368,669760,0,182000	2	0267
:y	550368,669760,232960,182000	3	0270
---	550368,640640,0,182000	2	0271
vz	550368,669760,0,182000	2	0272
---	550368,640640,0,182000	2	0273
ij	550368,640640,232960,182000	3	0274
r!	550368,407680,232960,182000	1	0275
r?	550368,407680,232960,182000	1	0276
Po	550368,640640,0,182000	2	0277
`A	550368,816379,0,182000	2	0300
'A	550368,816379,0,182000	2	0301
^A	550368,859040,0,182000	2	0302
~A	550368,859040,0,182000	2	0303
:A	550368,859040,0,182000	2	0304
oA	550368,816379,0,182000	2	0305
AE	550368,640640,0,182000	2	0306
,C	550368,640640,203840,182000	3	0307
`E	550368,816379,0,182000	2	0310
'E	550368,816379,0,182000	2	0311
^E	550368,859040,0,182000	2	0312
:E	550368,859040,0,182000	2	0313
`I	550368,816379,0,182000	2	0314
'I	550368,816379,0,182000	2	0315
^I	550368,859040,0,182000	2	0316
:I	550368,859040,0,182000	2	0317
-D	550368,640640,0,182000	2	0320
~N	550368,859040,0,182000	2	0321
`O	550368,816379,0,182000	2	0322
'O	550368,816379,0,182000	2	0323
^O	550368,859040,0,182000	2	0324
~O	550368,859040,0,182000	2	0325
:O	550368,859040,0,182000	2	0326
OE	550368,640640,0,182000	2	0327
/O	550368,698880,58240,182000	3	0330
`U	550368,816379,0,182000	2	0331
'U	550368,816379,0,182000	2	0332
^U	550368,859040,0,182000	2	0333
:U	550368,859040,0,182000	2	0334
'Y	550368,816379,0,182000	2	0335
TP	550368,640640,0,182000	2	0336
---	550368,640640,0,182000	2	0337
`a	550368,640640,0,182000	2	0340
'a	550368,640640,0,182000	2	0341
^a	550368,669760,0,182000	2	0342
~a	550368,669760,0,182000	2	0343
:a	550368,669760,0,182000	2	0344
oa	550368,669760,0,182000	2	0345
ae	550368,451360,0,182000	0	0346
,c	550368,451360,203840,182000	1	0347
`e	550368,640640,0,182000	2	0350
'e	550368,640640,0,182000	2	0351
^e	550368,669760,0,182000	2	0352
:e	550368,669760,0,182000	2	0353
`i	550368,640640,0,182000	2	0354
'i	550368,640640,0,182000	2	0355
^i	550368,669760,0,182000	2	0356
:i	550368,669760,0,182000	2	0357
Sd	550368,640640,0,182000	2	0360
~n	550368,669760,0,182000	2	0361
`o	550368,640640,0,182000	2	0362
'o	550368,640640,0,182000	2	0363
^o	550368,669760,0,182000	2	0364
~o	550368,669760,0,182000	2	0365
:o	550368,669760,0,182000	2	0366
oe	550368,451360,0,182000	0	0367
/o	550368,567840,116480,182000	3	0370
`u	550368,640640,0,182000	2	0371
'u	550368,640640,0,182000	2	0372
^u	550368,669760,0,182000	2	0373
:u	550368,669760,0,182000	2	0374
'y	550368,640640,232960,182000	3	0375
Tp	550368,640640,232960,182000	3	0376
ss	550368,640640,232960,182000	3	0377
