name CWTC
special
internalname tctt1000
spacewidth 550368
checksum 1703447420
designsize 10485760
charset
---	550368,627768	2	0000
---	550368,627768	2	0001
---	550368,669760	2	0002
---	550368,669760	2	0003
---	550368,669760	2	0004
---	550368,627768	2	0005
---	550368,669760	2	0006
---	550368,669760	2	0007
---	550368,669760	2	0010
---	550368,669760	2	0011
---	550368,627768	2	0012
---	550368,0,203840	1	0013
---	550368,0,232960	1	0014
---	550368,104832,232960	1	0015
---	550368,104832,232960	1	0022
---	550368,451360	0	0025
---	550368,451360	0	0026
---	0,640640	2	0027
<-	550368,435706,-204934	0	0030
->	550368,435706,-204934	0	0031
---	550368,640640	2	0032
---	550368,829920	2	0033
---	550368,640640	2	0034
---	550368,640640	2	0035
---	0,640640	2	0037
---	550368,640640	2	0040
Do	550368,728000,87360	3	0044
$	"
aq	550368,640640	2	0047
**	550368,551096,-94640	2	0052
,	550368,130000,145600	1	0054
---	550368,435706,-204934	0	0055
.	550368,130000	0	0056
f/	550368,728000,87360	3	0057
0	550368,451360	0	0060
1	550368,451360	0	0061
2	550368,451360	0	0062
3	550368,451360,232960	1	0063
4	550368,451360,232960	1	0064
5	550368,451360,232960	1	0065
6	550368,640640	2	0066
7	550368,451360,232960	1	0067
8	550368,640640	2	0070
9	550368,451360,232960	1	0071
la	550368,728000,87360	3	0074
mi	550368,551096,-84448	2	0075
\-	"
ra	550368,728000,87360	3	0076
---	550368,640640	2	0115
ci	550368,728000,232960	3	0117
---	550368,640640	2	0127
---	550368,728000,87360	3	0133
---	550368,728000,87360	3	0135
ua	550368,640640	2	0136
da	550368,640640	2	0137
---	550368,640640	2	0140
---	550368,551096,-94640	2	0142
---	550368,551096,-94640	2	0143
---	550368,571115,18930	3	0144
---	550368,640640	2	0154
---	550368,551096,-94640	2	0155
---	672672,640640	2	0156
ti	550368,130000	0	0176
~	"
---	550368,435706,-204934	0	0177
---	550368,640640	2	0200
---	550368,640640	2	0201
---	550368,640640	2	0202
---	550368,640640	2	0203
dg	550368,640640,232960	3	0204
dd	550368,640640,232960	3	0205
---	550368,728000,87360	3	0206
%O	550368,728000,87360	3	0207
bu	550368,534352,-106288	2	0210
---	550368,640640	2	0211
---	550368,728000,87360	3	0212
---	550368,571115,116480	3	0213
Fn	550368,640640	2	0214
---	550368,728000,87360	3	0215
---	550368,640640	2	0216
---	550368,640640	2	0217
---	550368,728000,87360	3	0220
---	550368,640640	2	0221
---	550368,640640	2	0222
---	550368,640640	2	0223
---	550368,640640	2	0224
---	550368,407680,232960	1	0225
---	550368,728000	2	0226
tm	550368,728000	2	0227
---	550368,728000,87360	3	0230
---	550368,640640,232960	3	0231
---	550368,728000,87360	3	0232
---	550368,640640	2	0233
---	550368,728000	2	0234
---	550368,640640	2	0235
---	550368,534352,-106288	2	0236
---	550368,728000	2	0237
---	550368,728000,87360	3	0240
---	550368,728000,87360	3	0241
ct	550368,571115,116480	3	0242
Po	550368,640640	2	0243
Cs	550368,580323	2	0244
Ye	550368,640640	2	0245
bb	550368,728000,87360	3	0246
sc	550368,640640,232960	3	0247
---	550368,640640	2	0250
co	550368,728000,232960	3	0251
Of	550368,728000	2	0252
---	550368,728000,232960	3	0253
no	550368,451360	0	0254
---	550368,728000,232960	3	0255
rg	550368,728000,232960	3	0256
rn	550368,640640	2	0257
de	550368,640640	2	0260
t+-	550368,551096,-84448	2	0261
S2	550368,728000	2	0262
S3	550368,728000	2	0263
---	550368,640640	2	0264
mc	550368,451360,232960	1	0265
ps	550368,640640,232960	3	0266
pc	550368,451360	0	0267
---	550368,514453	2	0270
S1	550368,728000	2	0271
Om	550368,728000	2	0272
---	550368,728000,14560	3	0273
14	550368,728000,232960	3	0274
12	550368,728000,232960	3	0275
34	550368,728000,232960	3	0276
Eu	550368,640640	2	0277
tmu	550368,551096,-84448	2	0326
tdi	550368,551096,-84448	2	0366
