name HBITC
special
internalname tcso1000
spacewidth 384384
slant 11.999911
checksum 220072497
designsize 10485760
charset
---	576576,660915	2	0000
---	576576,660915,0,76549	2	0001
---	576576,698880,0,51541	2	0002
---	576576,698880,0,84486	2	0003
---	576576,698880	2	0004
---	576576,660915,0,76549	2	0005
---	800800,698880	2	0006
---	576576,698880	2	0007
---	576576,698880,0,90310	2	0010
---	576576,698880,0,100502	2	0011
---	320320,660915	2	0012
---	512512,0,178360	1	0013
---	320320,0,203840	1	0014
---	448448,137072,203840	1	0015
---	576576,137072,203840	1	0022
---	768768,483392,0,95150	2	0025
---	864864,483392,0,95150	2	0026
---	0,728000	2	0027
<-	1153152,425880,-98280	0	0030
->	1153152,425880,-98280	0	0031
---	267904,757120,0,487894	2	0032
---	352352,1004640,0,543309	2	0033
---	524160,757120,0,487894	2	0034
---	524160,757120,0,543309	2	0035
---	0,757120	2	0037
---	588224,757120,0,35048	2	0040
Do	576576,786240,29120,122707	3	0044
$	"
aq	320320,757120,0,104146	2	0047
**	576576,502320,-21840	2	0052
,	320320,137072,110656	1	0054
---	384384,425880,-98280,58491	0	0055
.	320320,137072	0	0056
f/	576576,786240,262080,135086	3	0057
0	576576,483392,0,58677	2	0060
1	576576,483392	2	0061
2	576576,483392,0,56077	2	0062
3	576576,483392,203840,56077	3	0063
4	576576,483392,203840,13312	3	0064
5	576576,483392,203840,38064	3	0065
6	576576,728000,0,90675	2	0066
7	576576,483392,203840,102128	3	0067
8	576576,728000,0,90675	2	0070
9	576576,483392,203840,38064	3	0071
la	448448,786240,262080	3	0074
mi	896896,646464,122304,23674	3	0075
\-	"
ra	448448,786240,262080	3	0076
---	832832,728000,0,132317,0,66158	2	0115
ci	1281280,786240,262080	3	0117
---	832832,728000,0,84022,0,42011	2	0127
---	464464,786240,262080	3	0133
---	464464,786240,262080	3	0135
ua	576576,757120,232960,96098	3	0136
da	576576,757120,232960	3	0137
---	576576,757120	2	0140
---	576576,502320,-21840	2	0142
---	576576,502320,-21840	2	0143
---	576576,660915,27666	3	0144
---	1153152,757120	2	0154
---	576576,502320,-21840	2	0155
---	704704,757120	2	0156
ti	704704,137072	0	0176
~	"
---	192192,425880,-98280,58491	0	0177
---	704704,757120,0,102690	2	0200
---	704704,757120,0,79394	2	0201
---	576576,757120,0,96866	2	0202
---	576576,757120	2	0203
dg	512512,757120,203840	3	0204
dd	512512,757120,203840	3	0205
---	576576,786240,262080	3	0206
%O	1463224,786240,29120,32339	3	0207
bu	576576,483392,-37856	2	0210
---	992992,728000,0,122707,-78454,61354	2	0211
---	704704,786240,29120,122707	3	0212
---	576576,582400,101920,89315	3	0213
Fn	352352,757120,0,241010	2	0214
---	736736,786240,29120,122707,-78454,61354	3	0215
---	1089088,728000,0,170755,-106691,10595	2	0216
---	864864,728000,0,90675,0,13306	2	0217
---	896896,786240,29120,122707,-78454,61354	3	0220
---	752752,728000,0,84022,0,-76138	2	0221
---	857434,757120	2	0222
---	736736,728000,0,84022,0,63018	2	0223
---	544544,757120,0,128744	2	0224
---	544544,553280,203840	3	0225
---	588224,786240,0,130354	2	0226
tm	768768,786240,0,550366	2	0227
---	2088494,786240,29120,32339	3	0230
---	544544,757120,203840	3	0231
---	768768,786240,29120,84022,0,42011	3	0232
---	960960,728000,0,90675,0,13306	2	0233
---	576576,786240,0,135086	2	0234
---	794976,728000,0,117602	2	0235
---	576576,483392,-37856	2	0236
---	768768,786240,0,550366	2	0237
---	416416,786240,262080,29498	3	0240
---	416416,786240,262080,140910	3	0241
ct	576576,582400,101920,89315	3	0242
Po	857434,757120	2	0243
Cs	826203,617763,0,102128	2	0244
Ye	768768,728000,0,183568	2	0245
bb	192192,786240,262080,103054	3	0246
sc	559104,757120,203840	3	0247
---	576576,757120,0,91042	2	0250
co	1281280,786240,262080	3	0251
Of	512512,786240,0,116982	2	0252
---	1281280,786240,262080	3	0253
no	768768,483392,0,70096	2	0254
---	1281280,786240,262080	3	0255
rg	1281280,786240,262080	3	0256
rn	896896,757120	2	0257
de	384384,728000	2	0260
t+-	896896,646464,122304,23674	3	0261
S2	512512,786240,0,135086	2	0262
S3	512512,786240,0,135086	2	0263
---	576576,757120,0,96866	2	0264
mc	588224,483392,203840,71552	3	0265
ps	704704,757120,203840	3	0266
pc	235872,483392	2	0267
---	700819,572691,0,19032	2	0270
S1	512512,786240,0,135086	2	0271
Om	512512,786240,0,116982	2	0272
---	544544,786240,174720,167118	3	0273
14	512512,786240,203840,135086	3	0274
12	512512,786240,203840,135086	3	0275
34	512512,786240,203840,135086	3	0276
Eu	896896,728000,0,122707	2	0277
tmu	896896,646464,122304,23674	3	0326
tdi	896896,646464,122304,23674	3	0366
