name HBTC
special
internalname tcsx1000
spacewidth 384384
checksum -1912309847
designsize 10485760
charset
---	576576,660915	2	0000
---	576576,660915	2	0001
---	576576,698880	2	0002
---	576576,698880	2	0003
---	576576,698880	2	0004
---	576576,660915,0,61907	2	0005
---	800800,698880	2	0006
---	576576,698880	2	0007
---	576576,698880	2	0010
---	576576,698880	2	0011
---	320320,660915	2	0012
---	512512,0,178360	1	0013
---	320320,0,203840	1	0014
---	448448,137072,203840	1	0015
---	576576,137072,203840	1	0022
---	768768,483392,0,32032	2	0025
---	864864,483392,0,32032	2	0026
---	0,728000	2	0027
<-	1153152,425880,-98280	0	0030
->	1153152,425880,-98280	0	0031
---	267904,757120,0,359632	2	0032
---	352352,1004640,0,391664	2	0033
---	524160,757120,0,359632	2	0034
---	524160,757120,0,391664	2	0035
---	0,757120	2	0037
u2422	588224,757120	2	0040
Do	576576,786240,29120	3	0044
$	"
aq	320320,757120	2	0047
---	576576,502320,-21840	2	0052
,	320320,137072,110656	1	0054
---	384384,425880,-98280	0	0055
.	320320,137072	0	0056
f/	576576,786240,262080	3	0057
0	576576,483392	2	0060
1	576576,483392	2	0061
2	576576,483392	2	0062
3	576576,483392,203840	3	0063
4	576576,483392,203840	3	0064
5	576576,483392,203840	3	0065
6	576576,728000	2	0066
7	576576,483392,203840	3	0067
8	576576,728000	2	0070
9	576576,483392,203840	3	0071
la	448448,786240,262080	3	0074
\-	896896,646464,122304	3	0075
ra	448448,786240,262080	3	0076
u2127	832832,728000	2	0115
ci	1281280,786240,262080	3	0117
u03A9	832832,728000	2	0127
u301A	464464,786240,262080	3	0133
u301B	464464,786240,262080	3	0135
ua	576576,757120,232960	3	0136
da	576576,757120,232960	3	0137
---	576576,757120	2	0140
---	576576,502320,-21840	2	0142
---	576576,502320,-21840	2	0143
---	576576,660915,27666	3	0144
---	1153152,757120	2	0154
---	576576,502320,-21840	2	0155
u266A	704704,757120	2	0156
ti	704704,137072	0	0176
~	"
---	192192,425880,-98280	0	0177
---	704704,757120	2	0200
---	704704,757120	2	0201
---	576576,757120	2	0202
---	576576,757120	2	0203
dg	512512,757120,203840	3	0204
dd	512512,757120,203840	3	0205
u2016	576576,786240,262080	3	0206
%0	1463224,786240,29120	3	0207
bu	576576,483392,-37856	2	0210
u2103	992992,728000,0,0,-32032	2	0211
---	704704,786240,29120	3	0212
---	576576,582400,101920	3	0213
Fn	352352,757120,0,80080	2	0214
u20A1	736736,786240,29120,0,-32032	3	0215
u20A9	1089088,728000,0,16016,48048,-144144	2	0216
u20A6	864864,728000	2	0217
---	896896,786240,29120,0,-32032	3	0220
u20B1	752752,728000,0,0,0,-160160	2	0221
u20A4	736736,757120	2	0222
u211E	736736,728000	2	0223
u203D	544544,757120	2	0224
---	544544,553280,203840	3	0225
u20AB	588224,786240	2	0226
tm	768768,786240,0,550366	2	0227
u2031	2088494,786240,29120	3	0230
---	544544,757120,203840	3	0231
u0E3F	768768,786240,29120	3	0232
u2116	960960,728000	2	0233
u2052	576576,786240	2	0234
u212E	794976,728000	2	0235
u25E6	576576,483392,-37856	2	0236
u2120	768768,786240,0,550366	2	0237
u2045	416416,786240,262080	3	0240
u2046	416416,786240,262080	3	0241
ct	576576,582400,101920	3	0242
Po	736736,757120	2	0243
Cs	826203,617763	2	0244
Ye	768768,728000,0,28829	2	0245
bb	192192,786240,262080	3	0246
sc	559104,757120,203840	3	0247
---	576576,757120	2	0250
co	1281280,786240,262080	3	0251
Of	512512,786240	2	0252
---	1281280,786240,262080	3	0253
tno	768768,483392	2	0254
u2117	1281280,786240,262080	3	0255
rg	1281280,786240,262080	3	0256
---	896896,757120	2	0257
de	384384,728000	2	0260
t+-	896896,646464,122304	3	0261
S2	512512,786240	2	0262
S3	512512,786240	2	0263
---	576576,757120	2	0264
mc	588224,483392,203840	3	0265
ps	704704,757120,203840	3	0266
pc	235872,483392	2	0267
u203B	700819,572691	2	0270
S1	512512,786240	2	0271
Om	512512,786240	2	0272
---	544544,786240,174720	3	0273
---	512512,786240,203840	3	0274
---	512512,786240,203840	3	0275
---	512512,786240,203840	3	0276
Eu	896896,728000	2	0277
tmu	896896,646464,122304	3	0326
tdi	896896,646464,122304	3	0366
