name HITC
special
internalname tcsi1000
spacewidth 349440
slant 11.999911
checksum -627212161
designsize 10485760
charset
---	524160,631051	2	0000
---	524160,631051,0,75893	2	0001
---	524160,662478,0,75502	2	0002
---	524160,662478,0,84120	2	0003
---	524160,662478	2	0004
---	524160,631051,0,75893	2	0005
---	720720,662478	2	0006
---	524160,662478	2	0007
---	524160,662478,0,87032	2	0010
---	524160,662478,0,98680	2	0011
---	291200,631051	2	0012
---	465920,0,178360	1	0013
---	291200,0,203840	1	0014
---	407680,87360,203840	1	0015
---	524160,87360,203840	1	0022
---	698880,465920,0,90325	0	0025
---	786240,465920,0,90325	0	0026
---	0,728000	2	0027
<-	1048320,387883,-136277	0	0030
->	1048320,387883,-136277	0	0031
---	250432,757120,0,429390	2	0032
---	308672,1019200,0,483269	2	0033
---	483392,757120,0,429390	2	0034
---	483392,757120,0,483269	2	0035
---	0,757120	2	0037
u2422	541632,757120,0,32045	2	0040
Do	524160,786240,29120,116955	3	0044
$	"
aq	291200,757120,0,85218	2	0047
---	524160,495040,-29120	2	0052
,	291200,87360,131040	1	0054
---	349440,387883,-136277,53326	0	0055
.	291200,87360	0	0056
f/	524160,786240,262080,137998	3	0057
0	524160,465920,0,54763	0	0060
1	524160,465920	0	0061
2	524160,465920,0,55931	0	0062
3	524160,465920,203840,55931	1	0063
4	524160,465920,203840	1	0064
5	524160,465920,203840,40794	1	0065
6	524160,687232,0,87835	2	0066
7	524160,465920,203840,99034	1	0067
8	524160,687232,0,87835	2	0070
9	524160,465920,203840,40794	1	0071
la	407680,786240,262080	3	0074
\-	815360,605282,87360,26586	3	0075
ra	407680,786240,262080	3	0076
u2127	757120,728000,0,134355,0,67178	2	0115
ci	1164800,786240,262080	3	0117
u03A9	757120,728000,0,86934,0,43467	2	0127
u301A	422240,786240,262080	3	0133
u301B	422240,786240,262080	3	0135
ua	524160,757120,232960,64066	3	0136
da	524160,757120,232960	3	0137
---	524160,757120	2	0140
---	524160,495040,-29120	2	0142
---	524160,495040,-29120	2	0143
---	524160,662478,29122	3	0144
---	1048320,757120	2	0154
---	524160,495040,-29120	2	0155
u266A	640640,757120	2	0156
ti	640640,133120	0	0176
~	"
---	174720,387883,-136277,53326	0	0177
---	640640,757120,0,105602	2	0200
---	640640,757120,0,108514	2	0201
---	524160,757120,0,102690	2	0202
---	524160,757120	2	0203
dg	465920,757120,203840	3	0204
dd	465920,757120,203840	3	0205
u2016	524160,786240,262080	3	0206
%0	1223040,786240,29120,35251	3	0207
bu	524160,465920,-58240	0	0210
u2103	902720,728000,0,125619,-75542,62810	2	0211
---	640640,786240,29120,116955	3	0212
---	524160,560560,101920,87386	3	0213
Fn	320320,757120,0,233730	2	0214
u20A1	669760,786240,29120,125619,-75542,62810	3	0215
u20A9	990080,728000,0,169299,-111059,23699	2	0216
u20A6	771680,728000,0,84851,0,13306	2	0217
---	815360,786240,29120,125619,-75542,62810	3	0220
u20B1	684320,728000,0,86934,0,-58666	2	0221
u20A4	790458,757120	2	0222
u211E	677040,728000,0,86934,0,65202	2	0223
u203D	495040,757120,0,128744	2	0224
---	495040,560560,203840	3	0225
u20AB	541632,786240,0,105602	2	0226
tm	698880,786240,0,550366	2	0227
u2031	1612550,786240,29120,35251	3	0230
---	495040,757120,203840	3	0231
u0E3F	698880,786240,29120,86934,0,43467	3	0232
u2116	859040,728000,0,84851,0,13306	2	0233
u2052	524160,786240,0,137998	2	0234
u212E	701792,728000,0,114690	2	0235
u25E6	524160,465920,-58240	0	0236
u2120	698880,786240,0,550366	2	0237
u2045	378560,786240,262080,29498	3	0240
u2046	378560,786240,262080,140910	3	0241
ct	524160,560560,101920,87386	3	0242
Po	790458,757120	2	0243
Cs	793402,605282,0,99034	2	0244
Ye	698880,728000,0,180947	2	0245
bb	174720,786240,262080,108878	3	0246
sc	465920,757120,203840	3	0247
---	524160,712194,0,66933	2	0250
co	1164800,786240,262080	3	0251
Of	465920,786240,0,116982	2	0252
---	1164800,786240,262080	3	0253
tno	698880,465920,0,69914	0	0254
u2117	1164800,786240,262080	3	0255
rg	1164800,786240,262080	3	0256
---	815360,757120	2	0257
de	349440,728000	2	0260
t+-	815360,605282,87360,26586	3	0261
S2	465920,786240,0,137998	2	0262
S3	465920,786240,0,137998	2	0263
---	524160,757120,0,102690	2	0264
mc	541632,465920,203840,43706	1	0265
ps	640640,757120,203840	3	0266
pc	247520,465920	0	0267
u203B	679466,560560,0,20397	2	0270
S1	465920,786240,0,137998	2	0271
Om	465920,786240,0,116982	2	0272
---	495040,786240,220138,167118	3	0273
---	465920,786240,203840,137998	3	0274
---	465920,786240,203840,137998	3	0275
---	465920,786240,203840,137998	3	0276
Eu	815360,728000,0,125619	2	0277
tmu	815360,605282,87360,26586	3	0326
tdi	815360,605282,87360,26586	3	0366
