name HRTC
special
internalname tcss1000
spacewidth 349440
checksum 1552149760
designsize 10485760
charset
---	524160,631051	2	0000
---	524160,631051	2	0001
---	524160,662478	2	0002
---	524160,662478	2	0003
---	524160,662478	2	0004
---	524160,631051,0,46502	2	0005
---	720720,662478	2	0006
---	524160,662478	2	0007
---	524160,662478	2	0010
---	524160,662478	2	0011
---	291200,631051	2	0012
---	465920,0,178360	1	0013
---	291200,0,203840	1	0014
---	407680,87360,203840	1	0015
---	524160,87360,203840	1	0022
---	698880,465920,0,29120	0	0025
---	786240,465920,0,29120	0	0026
---	0,728000	2	0027
<-	1048320,387883,-136277	0	0030
->	1048320,387883,-136277	0	0031
---	250432,757120,0,302848	2	0032
---	308672,1019200,0,331968	2	0033
---	483392,757120,0,302848	2	0034
---	483392,757120,0,331968	2	0035
---	0,757120	2	0037
---	541632,757120	2	0040
Do	524160,786240,29120	3	0044
$	"
aq	291200,757120	2	0047
**	524160,495040,-29120	2	0052
,	291200,87360,131040	1	0054
---	349440,387883,-136277	0	0055
.	291200,87360	0	0056
f/	524160,786240,262080	3	0057
0	524160,465920	0	0060
1	524160,465920	0	0061
2	524160,465920	0	0062
3	524160,465920,203840	1	0063
4	524160,465920,203840	1	0064
5	524160,465920,203840	1	0065
6	524160,687232	2	0066
7	524160,465920,203840	1	0067
8	524160,687232	2	0070
9	524160,465920,203840	1	0071
la	407680,786240,262080	3	0074
mi	815360,605282,87360	3	0075
\-	"
ra	407680,786240,262080	3	0076
---	757120,728000	2	0115
ci	1164800,786240,262080	3	0117
---	757120,728000	2	0127
---	422240,786240,262080	3	0133
---	422240,786240,262080	3	0135
ua	524160,757120,232960	3	0136
da	524160,757120,232960	3	0137
---	524160,757120	2	0140
---	524160,495040,-29120	2	0142
---	524160,495040,-29120	2	0143
---	524160,662478,29122	3	0144
---	1048320,757120	2	0154
---	524160,495040,-29120	2	0155
---	640640,757120	2	0156
ti	640640,133120	0	0176
~	"
---	174720,387883,-136277	0	0177
---	640640,757120	2	0200
---	640640,757120	2	0201
---	524160,757120	2	0202
---	524160,757120	2	0203
dg	465920,757120,203840	3	0204
dd	465920,757120,203840	3	0205
---	524160,786240,262080	3	0206
%O	1223040,786240,29120	3	0207
bu	524160,465920,-58240	0	0210
---	902720,728000,0,0,-29120	2	0211
---	640640,786240,29120	3	0212
---	524160,560560,101920	3	0213
Fn	320320,757120,0,72800	2	0214
---	669760,786240,29120,0,-29120	3	0215
---	990080,728000,0,14560,43680,-131040	2	0216
---	771680,728000	2	0217
---	815360,786240,29120,0,-29120	3	0220
---	684320,728000,0,0,0,-145600	2	0221
---	669760,757120	2	0222
---	677040,728000	2	0223
---	495040,757120	2	0224
---	495040,560560,203840	3	0225
---	541632,786240	2	0226
tm	698880,786240,0,550366	2	0227
---	1612550,786240,29120	3	0230
---	495040,757120,203840	3	0231
---	698880,786240,29120	3	0232
---	859040,728000	2	0233
---	524160,786240	2	0234
---	701792,728000	2	0235
---	524160,465920,-58240	0	0236
---	698880,786240,0,550366	2	0237
---	378560,786240,262080	3	0240
---	378560,786240,262080	3	0241
ct	524160,560560,101920	3	0242
Po	669760,757120	2	0243
Cs	793402,605282	2	0244
Ye	698880,728000,0,26208	2	0245
bb	174720,786240,262080	3	0246
sc	465920,757120,203840	3	0247
---	524160,712194	2	0250
co	1164800,786240,262080	3	0251
Of	465920,786240	2	0252
---	1164800,786240,262080	3	0253
no	698880,465920	0	0254
---	1164800,786240,262080	3	0255
rg	1164800,786240,262080	3	0256
rn	815360,757120	2	0257
de	349440,728000	2	0260
t+-	815360,605282,87360	3	0261
S2	465920,786240	2	0262
S3	465920,786240	2	0263
---	524160,757120	2	0264
mc	541632,465920,203840	1	0265
ps	640640,757120,203840	3	0266
pc	247520,465920	0	0267
---	679466,560560	2	0270
S1	465920,786240	2	0271
Om	465920,786240	2	0272
---	495040,786240,220138	3	0273
14	465920,786240,203840	3	0274
12	465920,786240,203840	3	0275
34	465920,786240,203840	3	0276
Eu	815360,728000	2	0277
tmu	815360,605282,87360	3	0326
tdi	815360,605282,87360	3	0366
