name MI
special
internalname cmmi10
slant 14.036243
checksum 195060286
designsize 10485760
charset
---	645166,716526,0,145637	2	0000
---	873816,716526	2	0001
---	799829,716526,0,29128	2	0002
---	728179,716526	2	0003
---	778424,716526,0,79371	2	0004
---	871630,716526,0,85195	2	0005
---	817746,716526,0,60438	2	0006
---	611669,716526,0,145637	2	0007
---	699051,716526	2	0010
---	641962,716526,0,115344	2	0011
---	809918,716526,0,52610	2	0012
*a	670776,451470,0,3882	0	0013
*b	593102,728178,203890,55342	3	0014
*g	542880,451470,203890,58254	1	0015
*d	466034,728178,0,39685	2	0016
+e	425621,451470	0	0017
*z	458754,728178,203890,77368	3	0020
*y	520651,451470,203890,37622	1	0021
*h	492248,728178,0,29128	2	0022
*i	371130,451470	0	0023
*k	604147,451470	0	0024
*l	611672,728178	2	0025
mc	631819,451470,203890	1	0026
*m	"
*n	517979,451470,0,66750	0	0027
*c	458754,728178,203890,48242	3	0030
*p	597717,451470,0,37622	0	0031
*r	542130,451470,203890	1	0032
*s	599171,451470,0,37622	0	0033
*t	458390,451470,0,118694	0	0034
*u	566525,451470,0,37622	0	0035
*f	624778,728178,203890	3	0036
*x	656086,451470,203890	1	0037
*q	683034,728178,203890,37622	3	0040
*w	652691,451470,0,37622	0	0041
*e	488970,451470	0	0042
+h	620170,728178	2	0043
+p	868357,451470,0,29128	0	0044
---	542130,451470,203890	1	0045
ts	380474,451470,101946,83739	1	0046
+f	685944,451470,203890	1	0047
u21BC	1048579,384696,-139592	0	0050
u21BD	1048579,384696,-139592	0	0051
u21C0	1048579,384696,-139592	0	0052
u21C1	1048579,384696,-139592	0	0053
---	291272,486275,-38013	2	0054
---	291272,486275,-38013	2	0055
u25B7	524290,487880,-36408	2	0056
u25C1	524290,487880,-36408	2	0057
---	524290,451470	0	0060
---	524290,451470	0	0061
---	524290,451470	0	0062
---	524290,451470,203890	1	0063
---	524290,451470,203890	1	0064
---	524290,451470,203890	1	0065
---	524290,675749	2	0066
---	524290,451470,203890	1	0067
---	524290,675749	2	0070
---	524290,451470,203890	1	0071
---	291272,110683	0	0072
---	291272,110683,203890	1	0073
<	815562,565285,40997	3	0074
---	524290,786432,262144	3	0075
>	815562,565285,40997	3	0076
u22C6	524290,487880,-36408	2	0077
pd	556693,728178,0,58254	2	0100
---	786434,716526	2	0101
---	795355,716526,0,52610	2	0102
---	749440,716526,0,75002	2	0103
---	868134,716526,0,29128	2	0104
---	774054,716526,0,60438	2	0105
---	674294,716526,0,145637	2	0106
---	824442,716526	2	0107
---	871630,716526,0,85195	2	0110
---	460938,716526,0,82283	2	0111
---	581450,716526,0,100853	2	0112
---	890563,716526,0,75002	2	0113
---	713616,716526	2	0114
---	1017266,716526,0,114323	2	0115
---	842502,716526,0,114323	2	0116
---	799829,716526,0,29128	2	0117
---	673200,716526,0,145637	2	0120
---	828957,716526,203890	3	0121
---	796173,716526,0,8101	2	0122
---	642982,716526,0,60438	2	0123
---	612763,716526,0,145637	2	0124
---	715944,716526,0,114323	2	0125
---	611670,716526,0,233018	2	0126
---	990323,716526,0,145637	2	0127
---	868718,716526,0,82283	2	0130
---	608758,716526,0,233018	2	0131
---	715800,716526,0,75002	2	0132
u266D	407781,786432	2	0133
u266E	407781,728178,203890	3	0134
u266F	407781,728178,203890	3	0135
u2323	1048579,375013,-149275	0	0136
u2322	1048579,375013,-149275	0	0137
u2113	436910,728178	2	0140
---	554267,451470	0	0141
---	450014,728178	2	0142
---	453778,451470	0	0143
---	545771,728178	2	0144
---	488245,451470	0	0145
---	513368,728178,203890,112869	3	0146
---	500138,451470,203890,37622	1	0147
---	604147,728178	2	0150
---	361248,691562	2	0151
---	431811,691562,203890,60024	3	0152
---	545893,728178,0,33010	2	0153
---	312874,728178,0,20634	2	0154
---	920664,451470	0	0155
---	629392,451470	0	0156
*o	508269,451470	0	0157
---	527566,451470,203890	1	0160
---	468099,451470,203890,37622	1	0161
---	473075,451470,0,29128	0	0162
---	491520,451470	0	0163
---	378654,644958	2	0164
---	600266,451470	0	0165
---	508270,451470,0,37622	0	0166
---	750694,451470,0,28216	0	0167
---	599291,451470	0	0170
---	514098,451470,203890,37622	1	0171
---	487640,451470,0,46117	0	0172
---	338120,451470	0	0173
---	402685,451470,203890	1	0174
wp	667376,451470,203890	1	0175
---	524290,749149,0,161291	2	0176
---	291272,728178,0,418866	2	0177
