name SC
special
internalname cmtex10
spacewidth 550498
checksum -538297224
designsize 10485760
charset
pc	550498,534482,-106315	2	0000
md	"
da	550498,640797	2	0001
*a	550498,451470	0	0002
*b	550498,640797,233018	3	0003
AN	550498,512640	2	0004
tno	550498,451470	0	0005
no	"
mo	550498,582542,-58254	2	0006
*p	550498,451470	0	0007
*l	550498,640797	2	0010
*g	550498,451470,233018	1	0011
*d	550498,640797	2	0012
ua	550498,640797	2	0013
pm	550498,556326,-84470	2	0014
c+	550498,556326,-84470	2	0015
if	550498,451470	0	0016
pd	550498,640797	2	0017
sb	550498,582542,-58254	2	0020
sp	550498,582542,-58254	2	0021
ca	550498,512640	2	0022
cu	550498,512640	2	0023
fa	550498,640797	2	0024
te	550498,640797	2	0025
c*	550498,556326,-84470	2	0026
u21C6	550498,628053,-12744	2	0027
<-	550498,435813,-204984	0	0030
->	550498,435813,-204984	0	0031
!=	550498,672827,32030	3	0032
u22C4	550498,534482,-106315	2	0033
<=	550498,661547,20750	3	0034
>=	550498,661547,20750	3	0035
==	550498,514818,-125979	2	0036
OR	550498,512640	2	0037
---	550498	0	0040
---	550498,640797	2	0041
---	550498,640797	2	0042
---	550498,640797	2	0043
---	550498,728178,87381	3	0044
---	550498,728178,87381	3	0045
---	550498,640797	2	0046
---	550498,640797	2	0047
---	550498,728178,87379	3	0050
---	550498,728178,87379	3	0051
---	550498,546134	2	0052
---	550498,556326,-84470	2	0053
---	550498,131072,145635	1	0054
---	550498,556326,-84470	2	0055
---	550498,131072	0	0056
---	550498,728178,87379	3	0057
---	550498,640797	2	0060
---	550498,640797	2	0061
---	550498,640797	2	0062
---	550498,640797	2	0063
---	550498,640797	2	0064
---	550498,640797	2	0065
---	550498,640797	2	0066
---	550498,640797	2	0067
---	550498,640797	2	0070
---	550498,640797	2	0071
---	550498,451470	0	0072
---	550498,451470,145635	1	0073
---	550498,582542,-58254	2	0074
---	550498,435813,-204984	0	0075
---	550498,582542,-58254	2	0076
---	550498,640797	2	0077
---	550498,640797	2	0100
---	550498,640797	2	0101
---	550498,640797	2	0102
---	550498,640797	2	0103
---	550498,640797	2	0104
---	550498,640797	2	0105
---	550498,640797	2	0106
---	550498,640797	2	0107
---	550498,640797	2	0110
---	550498,640797	2	0111
---	550498,640797	2	0112
---	550498,640797	2	0113
---	550498,640797	2	0114
---	550498,640797	2	0115
---	550498,640797	2	0116
---	550498,640797	2	0117
---	550498,640797	2	0120
---	550498,640797,145635	3	0121
---	550498,640797	2	0122
---	550498,640797	2	0123
---	550498,640797	2	0124
---	550498,640797	2	0125
---	550498,640797	2	0126
---	550498,640797	2	0127
---	550498,640797	2	0130
---	550498,640797	2	0131
---	550498,640797	2	0132
---	550498,728178,87379	3	0133
---	550498,728178,87379	3	0134
---	550498,728178,87379	3	0135
---	550498,640797	2	0136
---	550498,0,99757	1	0137
---	550498,640797	2	0140
---	550498,451470	0	0141
---	550498,640797	2	0142
---	550498,451470	0	0143
---	550498,640797	2	0144
---	550498,451470	0	0145
---	550498,640797	2	0146
---	550498,451470,233018	1	0147
---	550498,640797	2	0150
---	550498,640797	2	0151
---	550498,640797,233018	3	0152
---	550498,640797	2	0153
---	550498,640797	2	0154
---	550498,451470	0	0155
---	550498,451470	0	0156
---	550498,451470	0	0157
---	550498,451470,233018	1	0160
---	550498,451470,233018	1	0161
---	550498,451470	0	0162
---	550498,451470	0	0163
---	550498,580466	2	0164
---	550498,451470	0	0165
---	550498,451470	0	0166
---	550498,451470	0	0167
---	550498,451470	0	0170
---	550498,451470,233018	1	0171
---	550498,451470	0	0172
---	550498,728178,87379	3	0173
---	550498,728178,87379	3	0174
---	550498,728178,87379	3	0175
---	550498,640797	2	0176
is	550498,640797,233018	3	0177
