name TBITC
special
internalname tcbi1000
spacewidth 434470
slant 14.036243
checksum 487057398
designsize 10485760
charset
---	619674,662664	2	0000
---	619674,662664,0,73064	2	0001
---	619674,679952,0,64866	2	0002
---	619674,679952,0,109346	2	0003
---	619674,679952	2	0004
---	619674,662664,0,103931	2	0005
---	923395,679952	2	0006
---	619674,679952	2	0007
---	619674,679952,0,97406	2	0010
---	619674,679952,0,124779	2	0011
---	372736,662664	2	0012
---	557939,0,178360	1	0013
---	372736,0,203840	1	0014
---	496205,154336,203840	1	0015
---	619674,154336,203840	1	0022
---	868941,472035,0,102854	2	0025
---	961542,472035,0,102854	2	0026
---	0,723632	2	0027
<-	1175283,410018,-114142	0	0030
->	1175283,410018,-114142	0	0031
---	372736,723632,0,516589	2	0032
---	453690,981344,0,575605	2	0033
---	619674,723632,0,516589	2	0034
---	619674,723632,0,575605	2	0035
---	0,723632	2	0037
u2422	557939,723632,0,82410,-34070,82410	2	0040
Do	619674,786240,58240,138029	3	0044
$	"
aq	372736,723632,0,119683	2	0047
---	619674,495040,-29120	2	0052
,	372736,154336,203840	1	0054
---	434470,410018,-114142,71637	0	0055
.	372736,154336	0	0056
f/	619674,786240,262080,165693	3	0057
0	619674,472035,0,69189	2	0060
1	619674,472035	2	0061
2	619674,472035,0,68491	2	0062
3	619674,472035,203840,68491	3	0063
4	619674,472035,203840,17472	3	0064
5	619674,472035,203840,54746	3	0065
6	619674,679952,0,107162	2	0066
7	619674,472035,203840,116480	3	0067
8	619674,679952,0,107162	2	0070
9	619674,472035,203840,54746	3	0071
la	496205,786240,262080	3	0074
\-	928346,634378,108326,34653	3	0075
ra	496205,786240,262080	3	0076
u2127	866611,723632,0,158208,0,79104	2	0115
ci	1298752,786240,262080	3	0117
u03A9	866611,723632,0,103995,0,51998	2	0127
u301A	511638,786240,262080	3	0133
u301B	511638,786240,262080	3	0135
ua	619674,723632,203840,95514	3	0136
da	619674,723632,203840	3	0137
---	619674,723632	2	0140
---	619674,495040,-29120	2	0142
---	619674,495040,-29120	2	0143
---	619674,634378,26210	3	0144
---	1175283,723632	2	0154
---	619674,495040,-29120	2	0155
u266A	679078,723632	2	0156
ti	743142,133120	0	0176
~	"
---	249267,410018,-114142,71637	0	0177
---	743142,723632,0,108326	2	0200
---	743142,723632,0,103085	2	0201
---	619674,723632,0,120266	2	0202
---	619674,723632	2	0203
dg	557939,723632,203840	3	0204
dd	557939,723632,203840	3	0205
u2016	619674,786240,262080	3	0206
%0	1360486,786240,58240,134826	3	0207
bu	619674,472035,-46010	2	0210
u2103	1113549,723632,0,148949,-84813,74475	2	0211
---	743142,786240,58240,138029	3	0212
---	619674,567840,101920,104133	3	0213
Fn	419328,723632,203840,228301,112694,116480	3	0214
u20A1	866611,786240,58240,148949,-84813,74475	3	0215
u20A9	1216051,723632,0,195250,-133515,40914	2	0216
u20A6	970278,723632,0,180398,0,59333	2	0217
---	938538,786240,58240,77022,-84813,77022	3	0220
u20B1	840694,723632,0,103995,0,-50341	2	0221
u20A4	910510,723632	2	0222
u211E	900973,723632,0,26827,0,20120	2	0223
u203D	683738,723632,0,120266	2	0224
---	619674,524160,203840	3	0225
u20AB	619674,786240,0,128419,-34070,128419	2	0226
tm	804877,786240,0,550366	2	0227
u2031	1811264,786240,58240,134826	3	0230
---	588806,723632,203840	3	0231
u0E3F	856128,786240,58240,103995,0,51998	3	0232
u2116	1140048,723632,0,180398,0,59333	2	0233
u2052	619674,786240,0,165693	2	0234
u212E	834288,723632,0,136659	2	0235
u25E6	619674,472035,-46010	2	0236
u2120	804877,786240,0,550366	2	0237
u2045	465338,786240,262080,22714	3	0240
u2046	465338,786240,262080,153754	3	0241
ct	619674,567840,101920,104133	3	0242
Po	910510,723632	2	0243
Cs	864454,599043,0,116480	2	0244
Ye	907379,723632,0,207597	2	0245
bb	249267,786240,262080,134826	3	0246
sc	575994,723632,203840	3	0247
---	619674,723632,0,120266	2	0250
co	1298752,786240,262080	3	0251
Of	557939,786240,0,137592	2	0252
---	1298752,786240,262080	3	0253
tno	804877,472035,0,85613	2	0254
u2117	1298752,786240,262080	3	0255
rg	1298752,786240,262080	3	0256
---	928346,723632	2	0257
de	434470,723632	2	0260
t+-	928346,634378,108326,34653	3	0261
S2	557939,786240,0,165693	2	0262
S3	557939,786240,0,165693	2	0263
---	619674,723632,0,89398	2	0264
mc	619674,472035,203840,98814,44554,98814	3	0265
ps	743142,723632,203840	3	0266
pc	321485,472035	2	0267
u203B	740811,553278,0,27373	2	0270
S1	557939,786240,0,165693	2	0271
Om	557939,786240,0,137592	2	0272
---	556774,786240,199165,196560	3	0273
---	557939,786240,203840,165693	3	0274
---	557939,786240,203840,165693	3	0275
---	557939,786240,203840,165693	3	0276
Eu	928346,723632,0,119829	2	0277
tmu	928346,634378,108326,34653	3	0326
tdi	928346,634378,108326,34653	3	0366
