name HB
spacewidth 4
charset
---	9,9	0	00
---	4,1	0	040
!	4,9	0	041
"	5,9	0	042
dq	"
#	8,8	0	043
sh	"
$	7,9,2	0	044
Do	"
%	12,9	0	045
&	9,9	0	046
'	3,9	0	047
cq	"
(	6,9,3	0	050
)	6,9,3	0	051
*	6,9	0	052
+	7,6	0	053
,	4,2,2	0	054
\-	5,4	0	055
.	4,2	0	056
/	4,9	0	057
sl	"
0	7,9	0	060
1	7,9	0	061
2	7,9	0	062
3	7,9	0	063
4	7,9	0	064
5	7,9	0	065
6	7,9	0	066
7	7,9	0	067
8	7,9	0	070
9	7,9	0	071
:	4,7	0	072
;	4,7,2	0	073
<	7,6	0	074
=	7,5	0	075
eq	"
>	7,6	0	076
?	8,9	0	077
@	12,9,1	0	0100
at	"
A	8,9	0	0101
B	9,9	0	0102
C	8,9	0	0103
D	9,9	0	0104
E	8,9	0	0105
F	7,9	0	0106
G	10,9	0	0107
H	9,9	0	0110
I	4,9	0	0111
J	7,9	0	0112
K	9,9	0	0113
L	7,9	0	0114
M	11,9	0	0115
N	9,9	0	0116
O	10,9	0	0117
P	8,9	0	0120
Q	10,9	0	0121
R	9,9	0	0122
S	9,9	0	0123
T	8,9	0	0124
U	9,9	0	0125
V	8,9	0	0126
W	10,9	0	0127
X	8,9	0	0130
Y	8,9	0	0131
Z	7,9	0	0132
[	4,9,3	0	0133
lB	"
\	4,9	0	0134
rs	"
]	4,9,3	0	0135
rB	"
^	7,9	0	0136
a^	"
ha	"
_	7,0,3	0	0137
`	4,10	0	0140
oq	"
a	7,7	0	0141
b	7,9	0	0142
c	7,7	0	0143
d	7,9	0	0144
e	7,7	0	0145
f	5,9	0	0146
g	7,7,3	0	0147
h	7,9	0	0150
i	3,9	0	0151
j	3,9,3	0	0152
k	7,9	0	0153
l	3,9	0	0154
m	11,7	0	0155
n	7,7	0	0156
o	7,7	0	0157
p	7,7,3	0	0160
q	7,7,3	0	0161
r	5,7	0	0162
s	7,7	0	0163
t	5,9	0	0164
u	7,7	0	0165
v	8,7	0	0166
w	11,7	0	0167
x	7,7	0	0170
y	8,7,3	0	0171
z	6,7	0	0172
{	5,9,3	0	0173
lC	"
|	4,9,3	0	0174
or	"
ba	"
}	5,9,3	0	0175
rC	"
~	7,5	0	0176
a~	"
ap	"
ti	"
---	4,1	0	0240
r!	4,7,3	0	0241
ct	7,8,1	0	0242
Po	7,9	0	0243
Cs	7,7	0	0244
Ye	7,9	0	0245
bb	4,9,2	0	0246
sc	7,9,3	0	0247
ad	5,9	0	0250
co	11,9	0	0251
Of	6,9	0	0252
Fo	8,6	0	0253
no	8,6	0	0254
-	5,4	0	0255
hy	"
rg	11,9	0	0256
a-	4,9	0	0257
de	5,8	0	0260
t+-	7,7	0	0261
S2	4,9	0	0262
S3	4,9	0	0263
aa	4,10	0	0264
mc	7,7,3	0	0265
ps	7,9,3	0	0266
pc	4,5	0	0267
ac	4,1,3	0	0270
S1	4,9	0	0271
Om	6,9	0	0272
Fc	8,6	0	0273
14	10,9	0	0274
12	10,9	0	0275
34	10,9	0	0276
r?	8,7,3	0	0277
`A	8,12	0	0300
'A	8,12	0	0301
^A	8,12	0	0302
~A	8,12	0	0303
:A	8,11	0	0304
oA	8,12	0	0305
AE	13,9	0	0306
,C	8,9,3	0	0307
`E	8,12	0	0310
'E	8,12	0	0311
^E	8,12	0	0312
:E	8,11	0	0313
`I	4,12	0	0314
'I	4,12	0	0315
^I	4,12	0	0316
:I	4,11	0	0317
-D	9,9	0	0320
~N	9,12	0	0321
`O	10,12	0	0322
'O	10,12	0	0323
^O	10,12	0	0324
~O	10,12	0	0325
:O	10,11	0	0326
tmu	7,6	0	0327
/O	10,9,1	0	0330
`U	9,12	0	0331
'U	9,12	0	0332
^U	9,12	0	0333
:U	9,11	0	0334
'Y	8,12	0	0335
TP	8,9	0	0336
ss	8,9	0	0337
`a	7,10	0	0340
'a	7,10	0	0341
^a	7,10	0	0342
~a	7,10	0	0343
:a	7,9	0	0344
oa	7,11	0	0345
ae	11,7	0	0346
,c	7,7,3	0	0347
`e	7,10	0	0350
'e	7,10	0	0351
^e	7,10	0	0352
:e	7,9	0	0353
`i	3,10	0	0354
'i	3,10	0	0355
^i	3,10	0	0356
:i	3,9	0	0357
Sd	7,10	0	0360
~n	7,10	0	0361
`o	7,10	0	0362
'o	7,10	0	0363
^o	7,10	0	0364
~o	7,10	0	0365
:o	7,9	0	0366
tdi	7,6	0	0367
/o	7,7	0	0370
`u	7,10	0	0371
'u	7,10	0	0372
^u	7,10	0	0373
:u	7,9	0	0374
'y	8,10,3	0	0375
Tp	7,9,3	0	0376
:y	8,9,3	0	0377
