name NB
spacewidth 4
charset
---	11,9	0	00
---	4,1	0	040
!	4,9	0	041
"	6,9	0	042
dq	"
#	8,9	0	043
sh	"
$	7,10,1	0	044
Do	"
%	13,9	0	045
&	11,9	0	046
'	4,9	0	047
cq	"
(	5,9,2	0	050
)	5,9,2	0	051
*	6,9	0	052
+	8,7	0	053
,	4,2,2	0	054
\-	4,4	0	055
.	4,2	0	056
/	4,9	0	057
sl	"
0	7,9	0	060
1	7,9	0	061
2	7,9	0	062
3	7,9	0	063
4	7,9	0	064
5	7,9	0	065
6	7,9	0	066
7	7,9	0	067
8	7,9	0	070
9	7,9	0	071
:	4,6	0	072
;	4,6,2	0	073
<	7,6	0	074
=	7,5	0	075
>	7,6	0	076
?	7,9	0	077
@	11,9	0	0100
at	"
A	11,9	0	0101
B	9,9	0	0102
C	9,9	0	0103
D	10,9	0	0104
E	9,9	0	0105
F	9,9	0	0106
G	10,9	0	0107
H	11,9	0	0110
I	5,9	0	0111
J	8,9	0	0112
K	10,9	0	0113
L	9,9	0	0114
M	12,9	0	0115
N	11,9	0	0116
O	10,9	0	0117
P	9,9	0	0120
Q	10,9,2	0	0121
R	10,9	0	0122
S	8,9	0	0123
T	9,9	0	0124
U	10,9	0	0125
V	11,9	0	0126
W	14,9	0	0127
X	10,9	0	0130
Y	9,9	0	0131
Z	9,9	0	0132
[	5,9,2	0	0133
lB	"
\	6,9	0	0134
rs	"
]	5,9,2	0	0135
rB	"
^	6,9	0	0136
a^	"
ha	"
_	6,0,2	0	0137
`	5,9	0	0140
oq	"
a	8,6	0	0141
b	8,9	0	0142
c	7,6	0	0143
d	9,9	0	0144
e	7,6	0	0145
f	5,9	0	0146
g	7,7,3	0	0147
h	9,9	0	0150
i	5,9	0	0151
j	3,9,3	0	0152
k	8,9	0	0153
l	5,9	0	0154
m	13,6	0	0155
n	9,6	0	0156
o	8,6	0	0157
p	8,6,3	0	0160
q	8,6,3	0	0161
r	6,6	0	0162
s	6,6	0	0163
t	5,9	0	0164
u	9,6	0	0165
v	7,6	0	0166
w	11,6	0	0167
x	8,6	0	0170
y	7,6,3	0	0171
z	7,6	0	0172
{	5,9,2	0	0173
lC	"
|	8,9	0	0174
ba	"
}	5,9,2	0	0175
rC	"
~	7,5	0	0176
a~	"
ti	"
---	4,1	0	0240
r!	4,6,3	0	0241
ct	7,7,1	0	0242
Po	8,9	0	0243
Cs	8,8	0	0244
Ye	9,9	0	0245
bb	8,9	0	0246
sc	6,9,1	0	0247
ad	5,9	0	0250
co	10,9	0	0251
Of	6,9	0	0252
Fo	8,6	0	0253
tno	7,5	0	0254
-	4,4	0	0255
hy	"
rg	11,9	0	0256
a-	6,8	0	0257
de	5,9	0	0260
t+-	8,7	0	0261
S2	4,9	0	0262
S3	4,9	0	0263
aa	5,9	0	0264
mc	9,6,3	0	0265
ps	10,9	0	0266
pc	3,5	0	0267
ac	5,0,3	0	0270
S1	4,9	0	0271
Om	6,9	0	0272
Fc	8,6	0	0273
14	10,9	0	0274
12	10,9	0	0275
34	10,9	0	0276
r?	7,6,3	0	0277
`A	11,12	0	0300
'A	11,12	0	0301
^A	11,12	0	0302
~A	11,12	0	0303
:A	11,12	0	0304
oA	11,12	0	0305
AE	14,9	0	0306
,C	9,9,3	0	0307
`E	9,12	0	0310
'E	9,12	0	0311
^E	9,12	0	0312
:E	9,12	0	0313
`I	5,12	0	0314
'I	5,12	0	0315
^I	5,12	0	0316
:I	5,12	0	0317
-D	10,9	0	0320
~N	11,12	0	0321
`O	10,12	0	0322
'O	10,12	0	0323
^O	10,12	0	0324
~O	10,12	0	0325
:O	10,12	0	0326
tmu	8,7	0	0327
/O	10,9	0	0330
`U	10,12	0	0331
'U	10,12	0	0332
^U	10,12	0	0333
:U	10,12	0	0334
'Y	9,12	0	0335
TP	9,9	0	0336
ss	8,9	0	0337
`a	8,9	0	0340
'a	8,9	0	0341
^a	8,9	0	0342
~a	8,9	0	0343
:a	8,9	0	0344
oa	8,9	0	0345
ae	11,6	0	0346
,c	7,6,3	0	0347
`e	7,9	0	0350
'e	7,9	0	0351
^e	7,9	0	0352
:e	7,9	0	0353
`i	5,9	0	0354
'i	5,9	0	0355
^i	5,9	0	0356
:i	5,9	0	0357
Sd	8,9	0	0360
~n	9,9	0	0361
`o	8,9	0	0362
'o	8,9	0	0363
^o	8,9	0	0364
~o	8,9	0	0365
:o	8,9	0	0366
tdi	8,7	0	0367
/o	8,7,1	0	0370
`u	9,9	0	0371
'u	9,9	0	0372
^u	9,9	0	0373
:u	9,9	0	0374
'y	7,9,3	0	0375
Tp	8,9,3	0	0376
:y	7,9,3	0	0377
