name NR
spacewidth 3
charset
---	10,9	0	00
---	3,1	0	040
!	4,9	0	041
"	6,9	0	042
dq	"
#	8,8	0	043
sh	"
$	6,10,1	0	044
Do	"
%	11,9	0	045
&	9,9	0	046
'	4,9	0	047
cq	"
(	4,9,2	0	050
)	4,9,2	0	051
*	6,9	0	052
+	8,7	0	053
,	4,2,1	0	054
\-	4,4	0	055
.	4,2	0	056
/	4,9	0	057
sl	"
0	6,9	0	060
1	6,9	0	061
2	6,9	0	062
3	6,9	0	063
4	6,9	0	064
5	6,9	0	065
6	6,9	0	066
7	6,9	0	067
8	6,9	0	070
9	6,9	0	071
:	4,6	0	072
;	4,6,1	0	073
<	7,6	0	074
=	7,5	0	075
eq	"
>	7,6	0	076
?	5,9	0	077
@	10,9	0	0100
at	"
A	10,9	0	0101
B	8,9	0	0102
C	9,9	0	0103
D	9,9	0	0104
E	8,9	0	0105
F	8,9	0	0106
G	10,9	0	0107
H	10,9	0	0110
I	6,9	0	0111
J	7,9	0	0112
K	9,9	0	0113
L	8,9	0	0114
M	12,9	0	0115
N	10,9	0	0116
O	9,9	0	0117
P	8,9	0	0120
Q	9,9,2	0	0121
R	9,9	0	0122
S	7,9	0	0123
T	8,9	0	0124
U	10,9	0	0125
V	10,9	0	0126
W	12,9	0	0127
X	9,9	0	0130
Y	10,9	0	0131
Z	7,9	0	0132
[	4,9,2	0	0133
lB	"
\	6,9	0	0134
rs	"
]	4,9,2	0	0135
rB	"
^	6,9	0	0136
a^	"
ha	"
_	8,0,2	0	0137
`	3,9	0	0140
oq	"
a	7,6	0	0141
b	6,9	0	0142
c	6,6	0	0143
d	7,9	0	0144
e	6,6	0	0145
f	4,9	0	0146
g	7,7,3	0	0147
h	8,9	0	0150
i	4,9	0	0151
j	4,9,3	0	0152
k	7,9	0	0153
l	4,9	0	0154
m	12,6	0	0155
n	8,6	0	0156
o	6,6	0	0157
p	7,6,3	0	0160
q	6,6,3	0	0161
r	6,6	0	0162
s	6,6	0	0163
t	4,8	0	0164
u	8,6	0	0165
v	6,6	0	0166
w	10,6	0	0167
x	7,6	0	0170
y	6,6,3	0	0171
z	6,6	0	0172
{	4,9,2	0	0173
lC	"
|	8,9	0	0174
or	"
ba	"
}	4,9,2	0	0175
rC	"
~	7,5	0	0176
a~	"
ap	"
ti	"
---	3,1	0	0240
r!	4,7,2	0	0241
ct	7,7,1	0	0242
Po	8,9	0	0243
Cs	8,8	0	0244
Ye	8,9	0	0245
bb	8,9	0	0246
sc	6,9,2	0	0247
ad	4,9	0	0250
co	11,9	0	0251
Of	5,9	0	0252
Fo	7,6	0	0253
no	7,5	0	0254
-	4,4	0	0255
hy	"
rg	11,9	0	0256
a-	5,8	0	0257
de	5,9	0	0260
t+-	8,7	0	0261
S2	4,9	0	0262
S3	4,9	0	0263
aa	3,9	0	0264
mc	8,6,3	0	0265
ps	8,9,2	0	0266
pc	4,5	0	0267
ac	4,0,3	0	0270
S1	4,9	0	0271
Om	5,9	0	0272
Fc	7,6	0	0273
14	9,9	0	0274
12	9,9	0	0275
34	9,9	0	0276
r?	5,7,2	0	0277
`A	10,12	0	0300
'A	10,12	0	0301
^A	10,12	0	0302
~A	10,12	0	0303
:A	10,12	0	0304
oA	10,12	0	0305
AE	13,9	0	0306
,C	9,9,3	0	0307
`E	8,12	0	0310
'E	8,12	0	0311
^E	8,12	0	0312
:E	8,12	0	0313
`I	6,12	0	0314
'I	6,12	0	0315
^I	6,12	0	0316
:I	6,12	0	0317
-D	9,9	0	0320
~N	10,12	0	0321
`O	9,12	0	0322
'O	9,12	0	0323
^O	9,12	0	0324
~O	9,12	0	0325
:O	9,12	0	0326
tmu	8,7	0	0327
/O	9,9	0	0330
`U	10,12	0	0331
'U	10,12	0	0332
^U	10,12	0	0333
:U	10,12	0	0334
'Y	10,12	0	0335
TP	8,9	0	0336
ss	7,9	0	0337
`a	7,9	0	0340
'a	7,9	0	0341
^a	7,9	0	0342
~a	7,9	0	0343
:a	7,9	0	0344
oa	7,9	0	0345
ae	10,6	0	0346
,c	6,6,3	0	0347
`e	6,9	0	0350
'e	6,9	0	0351
^e	6,9	0	0352
:e	6,9	0	0353
`i	4,9	0	0354
'i	4,9	0	0355
^i	4,9	0	0356
:i	4,9	0	0357
Sd	6,9	0	0360
~n	8,9	0	0361
`o	6,9	0	0362
'o	6,9	0	0363
^o	6,9	0	0364
~o	6,9	0	0365
:o	6,8	0	0366
tdi	8,7	0	0367
/o	6,7,1	0	0370
`u	8,9	0	0371
'u	8,9	0	0372
^u	8,9	0	0373
:u	8,9	0	0374
'y	6,9,3	0	0375
Tp	7,9,3	0	0376
:y	6,9,3	0	0377
