name TI
spacewidth 3
charset
---	9,9	0	00
---	3,1	0	040
!	4,9	0	041
"	5,9	0	042
dq	"
#	6,9	0	043
sh	"
$	6,10,1	0	044
Do	"
%	10,9	0	045
&	9,9	0	046
'	3,9	0	047
cq	"
(	4,9,3	0	050
)	4,9,3	0	051
*	6,9	0	052
+	8,6	0	053
,	3,1,2	0	054
\-	4,4	0	055
.	3,1	0	056
/	4,9	0	057
sl	"
0	6,9	0	060
1	6,9	0	061
2	6,9	0	062
3	6,9	0	063
4	6,9	0	064
5	6,9	0	065
6	6,9	0	066
7	6,9	0	067
8	6,9	0	070
9	6,9	0	071
:	4,6	0	072
;	4,6,2	0	073
<	8,7	0	074
=	8,5	0	075
>	8,7	0	076
?	6,9	0	077
@	12,9,1	0	0100
at	"
A	8,9	0	0101
B	8,9	0	0102
C	7,9	0	0103
D	9,9	0	0104
E	8,9	0	0105
F	8,9	0	0106
G	8,9	0	0107
H	9,9	0	0110
I	5,9	0	0111
J	5,9	0	0112
K	8,9	0	0113
L	7,9	0	0114
M	11,9	0	0115
N	9,9	0	0116
O	7,9	0	0117
P	8,9	0	0120
Q	7,9,2	0	0121
R	8,9	0	0122
S	6,9	0	0123
T	7,9	0	0124
U	8,9	0	0125
V	7,9	0	0126
W	10,9	0	0127
X	8,9	0	0130
Y	7,9	0	0131
Z	7,9	0	0132
[	5,9,2	0	0133
lB	"
\	3,9	0	0134
rs	"
]	5,9,2	0	0135
rB	"
^	5,9	0	0136
a^	"
ha	"
_	6,0,3	0	0137
`	4,9	0	0140
oq	"
a	6,6	0	0141
b	6,9	0	0142
c	5,6	0	0143
d	6,9	0	0144
e	6,6	0	0145
f	4,9,3	0	0146
g	5,6,3	0	0147
h	6,9	0	0150
i	4,9	0	0151
j	4,9,3	0	0152
k	6,9	0	0153
l	3,9	0	0154
m	9,6	0	0155
n	6,6	0	0156
o	6,6	0	0157
p	6,6,3	0	0160
q	6,6,3	0	0161
r	4,6	0	0162
s	5,6	0	0163
t	4,7	0	0164
u	6,6	0	0165
v	6,6	0	0166
w	9,6	0	0167
x	6,6	0	0170
y	6,6,3	0	0171
z	5,6	0	0172
{	5,9,3	0	0173
lC	"
|	4,9,3	0	0174
ba	"
}	5,9,3	0	0175
rC	"
~	7,5	0	0176
a~	"
ti	"
---	3,1	0	0240
r!	5,6,3	0	0241
ct	6,8,2	0	0242
Po	6,9	0	0243
Cs	7,7	0	0244
Ye	6,9	0	0245
bb	4,9,3	0	0246
sc	6,9,2	0	0247
ad	4,8	0	0250
co	11,9	0	0251
Of	4,9	0	0252
Fo	6,6	0	0253
tno	8,5	0	0254
-	4,4	0	0255
hy	"
rg	11,9	0	0256
a-	4,8	0	0257
de	5,9	0	0260
t+-	8,7	0	0261
S2	4,9	0	0262
S3	4,9	0	0263
aa	4,9	0	0264
mc	6,6,3	0	0265
ps	7,9,2	0	0266
pc	3,4	0	0267
ac	4,0,3	0	0270
S1	3,9	0	0271
Om	4,9	0	0272
Fc	6,6	0	0273
14	9,9	0	0274
12	9,9	0	0275
34	9,9	0	0276
r?	6,6,3	0	0277
`A	8,12	0	0300
'A	8,12	0	0301
^A	8,12	0	0302
~A	8,12	0	0303
:A	8,11	0	0304
oA	8,12	0	0305
AE	11,9	0	0306
,C	7,9,3	0	0307
`E	8,12	0	0310
'E	8,12	0	0311
^E	8,12	0	0312
:E	8,11	0	0313
`I	5,12	0	0314
'I	5,12	0	0315
^I	5,12	0	0316
:I	5,11	0	0317
-D	9,9	0	0320
~N	9,12	0	0321
`O	7,12	0	0322
'O	7,12	0	0323
^O	7,12	0	0324
~O	7,12	0	0325
:O	7,11	0	0326
tmu	8,6	0	0327
/O	7,10,1	0	0330
`U	8,12	0	0331
'U	8,12	0	0332
^U	8,12	0	0333
:U	8,11	0	0334
'Y	7,12	0	0335
TP	8,9	0	0336
ss	6,9,3	0	0337
`a	7,9	0	0340
'a	7,9	0	0341
^a	7,9	0	0342
~a	7,9	0	0343
:a	7,8	0	0344
oa	7,9	0	0345
ae	9,6	0	0346
,c	5,6,3	0	0347
`e	6,9	0	0350
'e	6,9	0	0351
^e	6,9	0	0352
:e	6,8	0	0353
`i	4,9	0	0354
'i	4,9	0	0355
^i	4,9	0	0356
:i	4,8	0	0357
Sd	6,9	0	0360
~n	6,9	0	0361
`o	6,9	0	0362
'o	6,9	0	0363
^o	6,9	0	0364
~o	6,9	0	0365
:o	6,8	0	0366
tdi	8,6	0	0367
/o	6,7,1	0	0370
`u	6,9	0	0371
'u	6,9	0	0372
^u	6,9	0	0373
:u	6,8	0	0374
'y	6,9,3	0	0375
Tp	6,9,3	0	0376
:y	6,8,3	0	0377
