name HB
spacewidth 3
charset
---	7,7	0	00
---	3,1	0	040
!	4,8	0	041
"	5,8	0	042
dq	"
#	6,7	0	043
sh	"
$	6,8,1	0	044
Do	"
%	8,8	0	045
&	8,8	0	046
'	3,8	0	047
cq	"
(	4,8,2	0	050
)	4,8,2	0	051
*	4,8	0	052
+	6,6	0	053
,	3,2,2	0	054
\-	5,4	0	055
.	3,2	0	056
/	4,8	0	057
sl	"
0	6,8	0	060
1	6,8	0	061
2	6,8	0	062
3	6,8	0	063
4	6,8	0	064
5	6,8	0	065
6	6,8	0	066
7	6,8	0	067
8	6,8	0	070
9	6,8	0	071
:	3,6	0	072
;	3,6,2	0	073
<	5,6	0	074
=	6,5	0	075
>	5,6	0	076
?	6,8	0	077
@	11,7,2	0	0100
at	"
A	8,8	0	0101
B	7,8	0	0102
C	8,8	0	0103
D	7,8	0	0104
E	6,8	0	0105
F	6,8	0	0106
G	8,8	0	0107
H	7,8	0	0110
I	3,8	0	0111
J	6,8	0	0112
K	7,8	0	0113
L	6,8	0	0114
M	10,8	0	0115
N	8,8	0	0116
O	8,8	0	0117
P	7,8	0	0120
Q	8,8,1	0	0121
R	7,8	0	0122
S	7,8	0	0123
T	7,8	0	0124
U	7,8	0	0125
V	8,8	0	0126
W	11,8	0	0127
X	8,8	0	0130
Y	9,8	0	0131
Z	7,8	0	0132
[	4,8,2	0	0133
lB	"
\	4,8	0	0134
rs	"
]	4,8,2	0	0135
rB	"
^	5,8	0	0136
a^	"
ha	"
_	6,0,2	0	0137
`	3,8	0	0140
oq	"
a	6,6	0	0141
b	6,8	0	0142
c	5,6	0	0143
d	6,8	0	0144
e	6,6	0	0145
f	4,8	0	0146
g	6,6,2	0	0147
h	6,8	0	0150
i	3,8	0	0151
j	3,8,2	0	0152
k	6,8	0	0153
l	3,8	0	0154
m	9,6	0	0155
n	6,6	0	0156
o	6,6	0	0157
p	6,6,2	0	0160
q	6,6,2	0	0161
r	4,6	0	0162
s	6,6	0	0163
t	4,8	0	0164
u	6,6	0	0165
v	6,6	0	0166
w	8,6	0	0167
x	7,6	0	0170
y	6,6,2	0	0171
z	6,6	0	0172
{	5,8,2	0	0173
lC	"
|	3,8,2	0	0174
ba	"
}	5,8,2	0	0175
rC	"
~	6,4	0	0176
a~	"
ti	"
---	3,1	0	0240
r!	4,6,2	0	0241
ct	6,7,1	0	0242
Po	6,8	0	0243
Cs	6,7	0	0244
Ye	7,8	0	0245
bb	3,8,2	0	0246
sc	6,8,2	0	0247
ad	3,8	0	0250
co	10,8	0	0251
Of	5,8	0	0252
Fo	7,4	0	0253
tno	7,5	0	0254
-	5,4	0	0255
hy	"
rg	10,8	0	0256
a-	3,8	0	0257
de	4,7	0	0260
t+-	6,7	0	0261
S2	3,7	0	0262
S3	3,7	0	0263
aa	3,9	0	0264
mc	6,6,2	0	0265
ps	6,8,2	0	0266
pc	3,4	0	0267
ac	3,0,2	0	0270
S1	3,7	0	0271
Om	5,8	0	0272
Fc	7,4	0	0273
14	9,8	0	0274
12	9,8	0	0275
34	9,8	0	0276
r?	6,6,2	0	0277
`A	8,11	0	0300
'A	8,11	0	0301
^A	8,11	0	0302
~A	8,11	0	0303
:A	8,10	0	0304
oA	8,11	0	0305
AE	10,8	0	0306
,C	8,8,2	0	0307
`E	6,11	0	0310
'E	6,11	0	0311
^E	6,11	0	0312
:E	6,10	0	0313
`I	3,11	0	0314
'I	3,11	0	0315
^I	3,11	0	0316
:I	3,10	0	0317
-D	7,8	0	0320
~N	8,11	0	0321
`O	8,11	0	0322
'O	8,11	0	0323
^O	8,11	0	0324
~O	8,11	0	0325
:O	8,10	0	0326
tmu	6,6	0	0327
/O	8,8	0	0330
`U	7,11	0	0331
'U	7,11	0	0332
^U	7,11	0	0333
:U	7,10	0	0334
'Y	9,11	0	0335
TP	7,8	0	0336
ss	6,8	0	0337
`a	6,9	0	0340
'a	6,9	0	0341
^a	6,9	0	0342
~a	6,9	0	0343
:a	6,9	0	0344
oa	6,9	0	0345
ae	9,6	0	0346
,c	5,6,2	0	0347
`e	6,9	0	0350
'e	6,9	0	0351
^e	6,9	0	0352
:e	6,9	0	0353
`i	3,9	0	0354
'i	3,9	0	0355
^i	3,9	0	0356
:i	3,9	0	0357
Sd	6,9	0	0360
~n	6,9	0	0361
`o	6,9	0	0362
'o	6,9	0	0363
^o	6,9	0	0364
~o	6,9	0	0365
:o	6,9	0	0366
tdi	6,6	0	0367
/o	6,6	0	0370
`u	6,9	0	0371
'u	6,9	0	0372
^u	6,9	0	0373
:u	6,9	0	0374
'y	6,9,2	0	0375
Tp	6,8,2	0	0376
:y	6,9,2	0	0377
