22022000000000000000000000000000
00200000000000000000000000000000
00200000000000000000000000000000
00200000000000000000000000000000
00200000000000000000000000000000
00200000000000000000000000000000
00200000000000000000000000000000
00200000000000000000000000000000
00200000000000000000000000000000
00200000000000000000000000000000
00200000000000000000000000000000
00200000000000000000000000000000
00200000000000000000000000000000
00200000000000000000000000000000
00200000000000000000000000000000
00200000000000000000000000000000
00200000000000000000000000000000
22022000000000000000000000000000
00000000000000000000000000000000
00000000000000000000000000000000
00000000000000000000000000000000
00000000000000000000000000000000
00000000000000000000000000000000
00000000000000000000000000000000
00000000000000000000000000000000
00000000000000000000000000000000
00000000000000000000000000000000
00000000000000000000000000000000
00000000000000000000000000000000
00000000000000000000000000000000
00000000000000000000000000000000
00000000000000000000000000000000
02 08