13000000000000000000000000000000
21330000000000000000000000000000
02113300000000000000000000000000
02111133000000000000000000000000
00211111330000000000000000000000
00211111110000000000000000000000
00021113000000000000000000000000
00021121300000000000000000000000
00002102130000000000000000000000
00002100213000000000000000000000
00000000021000000000000000000000
00000000000000000000000000000000
00000000000000000000000000000000
00000000000000000000000000000000
00000000000000000000000000000000
00000000000000000000000000000000
00000000000000000000000000000000
00000000000000000000000000000000
00000000000000000000000000000000
00000000000000000000000000000000
00000000000000000000000000000000
00000000000000000000000000000000
00000000000000000000000000000000
00000000000000000000000000000000
00000000000000000000000000000000
00000000000000000000000000000000
00000000000000000000000000000000
00000000000000000000000000000000
00000000000000000000000000000000
00000000000000000000000000000000
00000000000000000000000000000000
00000000000000000000000000000000
00 00