13000000000000000000000000000000
21330000000000000000000000000000
02113300000000000000000000000000
02111133000000000000000000000000
00211111330000000000000000000000
00211111110000000000000000000000
00021113000000000000000000000000
00021121300033333333331000000000
00002102130031111111112000000000
00002100213031111111112000000000
00000000021031111111112000000000
00000000000033333333332000000000
00000000000033333333332000000000
00000000000033333333332000000000
00000000000033333333332000000000
00000000000033333333332000000000
00000000000033333333332000000000
00000000000012222222222000000000
00000000000000000000000000000000
00000000000000000000000000000000
00000000000000000000000000000000
00000000000000000000000000000000
00000000000000000000000000000000
00000000000000000000000000000000
00000000000000000000000000000000
00000000000000000000000000000000
00000000000000000000000000000000
00000000000000000000000000000000
00000000000000000000000000000000
00000000000000000000000000000000
00000000000000000000000000000000
00000000000000000000000000000000
00 00