00000000000000000000000000000000
00000000000000000000000000000000
00000002200000000000000000000000
00000023320000000000000000000000
00000023320000000000000000000000
00000023320000000000000000000000
00000023320000000000000000000000
00000023322200000000000000000000
02200023323322200000000000000000
23320023323323320000000000000000
23332023323323322200000000000000
02333233323323323320000000000000
02333333323323323320000000000000
00233333333333323320000000000000
00233333333333333320000000000000
00023333333333333320000000000000
00023333333333333320000000000000
00002333333333333320000000000000
00002333333333333320000000000000
00000233333333333200000000000000
00000022333333332000000000000000
00000000222222220000000000000000
00000000000000000000000000000000
00000000000000000000000000000000
00000000000000000000000000000000
00000000000000000000000000000000
00000000000000000000000000000000
00000000000000000000000000000000
00000000000000000000000000000000
00000000000000000000000000000000
00000000000000000000000000000000
00000000000000000000000000000000
07 02