00002222222200000000000000000000
00223333332220000000000000000000
02111133333322000000000000000000
23331333333322000000000000000000
23313333333332200000000000000000
02111131111332200000000000000000
23333333313322000000000000000000
02333333133220000000000000000000
02333331111220000000000000000000
00233223332200000000000000000000
00022322222000000000000000000000
00023332200000000000000000000000
00222332200000000000000000000000
02332222000000000000000000000000
02332200000000000000000000000000
00222000000000000000000000000000
00000000000000000000000000000000
00000000000000000000000000000000
00000000000000000000000000000000
00000000000000000000000000000000
00000000000000000000000000000000
00000000000000000000000000000000
00000000000000000000000000000000
00000000000000000000000000000000
00000000000000000000000000000000
00000000000000000000000000000000
00000000000000000000000000000000
00000000000000000000000000000000
00000000000000000000000000000000
00000000000000000000000000000000
00000000000000000000000000000000
00000000000000000000000000000000
06 07