# Coronet
name CORONET
spacewidth 5367
slant 13.000000
pcltypeface 4116
pclproportional 1
pclweight 0
pclstyle 1
ligatures fi fl ff ffi ffl 0
charset
!	4878,19920,195,7221,-2492,373	2	161057	-- MSL    1 (19U  33)
dq	7317,18990,0,6453,-5435,373	2	161058	-- MSL    2 (19U  34)
"	"
sh	10734,12180,0,3747,-4382,373	0	161059	-- MSL    3 (19U  35)
#	"
Do	10734,13725,2865,4302,-2003,373	0	161060	-- MSL    4 (19U  36)
$	"
%	13662,12180,195,2877,-4565,373	0	161061	-- MSL    5 (19U  37)
&	20490,18330,600,5373,-3329,373	2	161062	-- MSL    6 (19U  38)
cq	4392,19590,0,6309,-6068,373	2	161170	-- MSL    8 (19U 146)
'	"
(	5367,19590,6555,8709,-2141,373	3	161064	-- MSL    9 (19U  40)
)	5367,19590,6555,5466,1101,373	3	161065	-- MSL   10 (19U  41)
*	10734,19590,0,5157,-8681,373	2	161066	-- MSL   11 (19U  42)
+	13662,7245,0,1473,-5255,373	0	161067	-- MSL   12 (19U  43)
,	5367,1950,3360,2172,-1457,373	0	161068	-- MSL   13 (19U  44)
hy	5367,3600,0,3648,-1853,373	0	161069	-- MSL   14 (19U  45)
-	"
.	5367,1950,195,2184,-2771,373	0	161070	-- MSL   15 (19U  46)
sl	5367,19920,195,8472,-518,373	2	161071	-- MSL   16 (19U  47)
/	"
0	10734,12180,195,4167,-2945,373	0	161072	-- MSL   17 (19U  48)
1	10734,12180,195,2073,-4823,373	0	161073	-- MSL   18 (19U  49)
2	10734,12180,165,4089,-2615,373	0	161074	-- MSL   19 (19U  50)
3	10734,12180,195,4128,-1925,373	0	161075	-- MSL   20 (19U  51)
4	10734,12669,633,3570,-2063,373	0	161076	-- MSL   21 (19U  52)
5	10734,12000,195,3726,-1445,373	0	161077	-- MSL   22 (19U  53)
6	10734,12987,195,3444,-2783,373	0	161078	-- MSL   23 (19U  54)
7	10734,12000,195,4359,-4235,373	0	161079	-- MSL   24 (19U  55)
8	10734,12180,195,4035,-2750,373	0	161080	-- MSL   25 (19U  56)
9	10734,12180,1329,4101,-3341,373	0	161081	-- MSL   26 (19U  57)
:	5367,6348,195,3393,-2771,373	0	161082	-- MSL   27 (19U  58)
;	5367,6348,3360,3393,-1457,373	0	161083	-- MSL   28 (19U  59)
<	26346,16068,0,0,-3980	0	161084	-- MSL   29 (19U  60)
=	13662,4953,0,1467,-5264,373	0	161085	-- MSL   30 (19U  61)
>	26346,16068,0,0,-3980	0	161086	-- MSL   31 (19U  62)
?	7806,17439,195,6786,-3407,373	0	161087	-- MSL   32 (19U  63)
at	13662,10044,3552,2940,-2849,373	0	161088	-- MSL   33 (19U  64)
@	"
A	23418,19995,600,5910,-1211,373	2	161089	-- MSL   34 (19U  65)
B	14148,19590,600,6999,-1640,373	2	161090	-- MSL   35 (19U  66)
C	14637,19590,600,7032,-2972,373	2	161091	-- MSL   36 (19U  67)
D	23418,19701,0,3345,-2531,373	2	161092	-- MSL   37 (19U  68)
E	15126,19590,600,7173,-2297,373	2	161093	-- MSL   38 (19U  69)
F	17076,19590,600,6105,-2996,373	2	161094	-- MSL   39 (19U  70)
G	15126,19590,6765,7056,-2897,373	3	161095	-- MSL   40 (19U  71)
H	23907,19596,330,6129,-1355,373	2	161096	-- MSL   41 (19U  72)
I	15126,19590,600,4941,-1199,373	2	161097	-- MSL   42 (19U  73)
J	13173,19590,6519,5952,-227,373	3	161098	-- MSL   43 (19U  74)
K	23418,19590,600,7575,-1202,373	2	161099	-- MSL   44 (19U  75)
L	18051,19590,600,6657,-1511,373	2	161100	-- MSL   45 (19U  76)
M	21954,19785,2223,6414,-4793,373	2	161101	-- MSL   46 (19U  77)
N	15612,19830,2220,6954,-4553,373	2	161102	-- MSL   47 (19U  78)
O	18051,19590,600,5169,-3554,373	2	161103	-- MSL   48 (19U  79)
P	14148,19590,3276,6537,-746,373	2	161104	-- MSL   49 (19U  80)
Q	18051,19590,3249,5169,-3554,373	2	161105	-- MSL   50 (19U  81)
R	15126,19590,600,6837,-1316,373	2	161106	-- MSL   51 (19U  82)
S	17565,19590,600,7359,-1559,373	2	161107	-- MSL   52 (19U  83)
T	15612,19590,600,7557,-3008,373	2	161108	-- MSL   53 (19U  84)
U	16587,19785,2220,7305,-4907,373	2	161109	-- MSL   54 (19U  85)
V	16587,19602,600,7923,-5117,373	2	161110	-- MSL   55 (19U  86)
W	23907,19590,600,7470,-5072,373	2	161111	-- MSL   56 (19U  87)
X	15126,19590,600,7557,-1046,373	2	161112	-- MSL   57 (19U  88)
Y	16101,19590,5784,7764,-4358,373	2	161113	-- MSL   58 (19U  89)
Z	18051,19590,270,7545,-1265,373	2	161114	-- MSL   59 (19U  90)
lB	5367,19590,6750,8592,-50,373	3	161115	-- MSL   60 (19U  91)
[	"
rs	5367,19920,195,3192,-4175,373	2	161116	-- MSL   61 (19U  92)
\	"
rB	5367,19590,6750,7695,846,373	3	161117	-- MSL   62 (19U  93)
]	"
ha	13173,19758,0,36,36,36	2	161118	-- MSL   63 (19U  94)
_	13173,0,6588,1317,1317,373	1	161119	-- MSL   64 (19U  95)
oq	4392,19590,0,6309,-6068,373	2	161169	-- MSL   66 (19U 145)
`	"
a	8781,6240,195,3735,-2093,373	0	161121	-- MSL   67 (19U  97)
b	8295,18015,195,3219,-2297,373	2	161122	-- MSL   68 (19U  98)
c	6831,6240,195,3807,-2012,373	0	161123	-- MSL   69 (19U  99)
d	8781,18015,195,6720,-1985,373	2	161124	-- MSL   70 (19U 100)
e	6831,6240,195,3648,-1958,373	0	161125	-- MSL   71 (19U 101)
f	5856,19920,6555,8130,-44,373	3	161126	-- MSL   72 (19U 102)
g	8295,6240,6555,3243,-1463,373	1	161127	-- MSL   73 (19U 103)
h	8781,18015,195,4152,-1946,373	2	161128	-- MSL   74 (19U 104)
i	4878,10050,195,4416,-2342,373	0	161129	-- MSL   75 (19U 105)
j	4392,10146,6555,4560,1614,373	1	161130	-- MSL   76 (19U 106)
k	8295,18015,195,3720,-2009,373	2	161131	-- MSL   77 (19U 107)
l	5367,19920,195,8229,-2354,373	2	161132	-- MSL   78 (19U 108)
m	12198,6240,195,4164,-2060,373	0	161133	-- MSL   79 (19U 109)
n	8295,6240,195,4122,-2045,373	0	161134	-- MSL   80 (19U 110)
o	7317,6240,195,3615,-1922,373	0	161135	-- MSL   81 (19U 111)
p	8295,6240,6555,3597,-2,373	1	161136	-- MSL   82 (19U 112)
q	8781,6240,6555,3960,-2009,373	1	161137	-- MSL   83 (19U 113)
r	5856,6240,0,4149,-1997,373	0	161138	-- MSL   84 (19U 114)
s	5856,7410,195,3423,-1673,373	0	161139	-- MSL   85 (19U 115)
t	4878,12324,195,4935,-2210,373	0	161140	-- MSL   86 (19U 116)
u	8781,6240,195,3834,-2501,373	0	161141	-- MSL   87 (19U 117)
v	6831,6240,195,4293,-2228,373	0	161142	-- MSL   88 (19U 118)
w	10734,6240,195,3777,-2201,373	0	161143	-- MSL   89 (19U 119)
x	5856,6240,0,4203,-1016,373	0	161144	-- MSL   90 (19U 120)
y	7806,6240,6555,3639,-2132,373	1	161145	-- MSL   91 (19U 121)
z	5856,6045,0,4245,-1331,373	0	161146	-- MSL   92 (19U 122)
{	11709,19935,6210,6660,-5129,373	3	161147	-- MSL   93 (19U 123)
lC	"
|	13173,19758,6588,0,-4595	3	161148	-- MSL   94 (19U 124)
ba	"
}	11709,19935,6210,2163,-632,373	3	161149	-- MSL   95 (19U 125)
rC	"
ti	26346,8952,0,0,-4028	0	161150	-- MSL   96 (19U 126)
`A	23418,24825,600,5910,-1211,373	2	161216	-- MSL   99 (19U 192)
^A	23418,24975,600,9558,-1211,373	2	161218	-- MSL  100 (19U 194)
`E	15126,24825,600,7173,-2297,373	2	161224	-- MSL  101 (19U 200)
^E	15126,24975,600,7404,-2297,373	2	161226	-- MSL  102 (19U 202)
:E	15126,23370,600,7644,-2297,373	2	161227	-- MSL  103 (19U 203)
^I	15126,24975,600,7404,-1199,373	2	161230	-- MSL  104 (19U 206)
:I	15126,23370,600,6744,-1199,373	2	161231	-- MSL  105 (19U 207)
aa	10734,9885,0,3222,-7334,373	0	161204	-- MSL  106 (19U 180)
ga	10734,9885,0,1608,-5720,373	0	161120	-- MSL  107 (19U  96)
a^	10734,9885,0,2160,-4874,373	0	161160	-- MSL  108 (19U 136)
^	"
ad	10734,9240,0,2286,-6035,373	0	161192	-- MSL  109 (19U 168)
~	10734,9282,0,2601,-5588,373	0	161176	-- MSL  110 (19U 152)
a~	"
`U	16587,24825,2220,7305,-4907,373	2	161241	-- MSL  111 (19U 217)
^U	16587,24975,2220,7305,-4907,373	2	161243	-- MSL  112 (19U 219)
u00AF	13173,21105,0,1317,1317,373	2	161199	-- MSL  113 (19U 175)
'Y	16101,24825,5784,7764,-4358,373	2	161245	-- MSL  114 (19U 221)
'y	7806,9885,6555,4086,-2132,373	1	161277	-- MSL  115 (19U 253)
de	10734,12180,0,3030,-6329,373	0	161200	-- MSL  116 (19U 176)
,C	14637,19590,4569,7032,-2972,373	2	161223	-- MSL  117 (19U 199)
,c	6831,6240,4206,3807,-1904,373	0	161255	-- MSL  118 (19U 231)
~N	15612,23673,2220,6954,-4553,373	2	161233	-- MSL  119 (19U 209)
~n	8295,9282,195,4122,-2045,373	0	161265	-- MSL  120 (19U 241)
r!	4878,9900,10215,4278,450,373	1	161185	-- MSL  121 (19U 161)
r?	7806,8658,8976,3063,315,373	1	161215	-- MSL  122 (19U 191)
Cs	10734,10530,0,4335,-2807,373	0	161188	-- MSL  123 (19U 164)
Po	10734,12180,195,4797,-1130,373	0	161187	-- MSL  124 (19U 163)
Ye	10734,12708,5787,6393,1848,373	0	161189	-- MSL  125 (19U 165)
sc	10734,12360,360,4200,-2339,373	0	161191	-- MSL  126 (19U 167)
Fn	10734,19920,6555,4971,-1763,373	3	161155	-- MSL  127 (19U 131)
ct	10734,11385,0,2574,-4754,373	0	161186	-- MSL  128 (19U 162)
^a	8781,9885,195,4035,-2093,373	0	161250	-- MSL  129 (19U 226)
^e	6831,9885,195,5010,-1958,373	0	161258	-- MSL  130 (19U 234)
^o	7317,9885,195,4467,-1922,373	0	161268	-- MSL  131 (19U 244)
^u	8781,9885,195,3834,-2501,373	0	161275	-- MSL  132 (19U 251)
'a	8781,9885,195,4197,-2093,373	0	161249	-- MSL  133 (19U 225)
'e	6831,9885,195,5622,-1958,373	0	161257	-- MSL  134 (19U 233)
'o	7317,9885,195,5379,-1922,373	0	161267	-- MSL  135 (19U 243)
'u	8781,9885,195,4197,-2501,373	0	161274	-- MSL  136 (19U 250)
`a	8781,9885,195,3735,-2093,373	0	161248	-- MSL  137 (19U 224)
`e	6831,9885,195,3648,-1958,373	0	161256	-- MSL  138 (19U 232)
`o	7317,9885,195,3615,-1922,373	0	161266	-- MSL  139 (19U 242)
`u	8781,9885,195,3834,-2501,373	0	161273	-- MSL  140 (19U 249)
:a	8781,9240,195,3735,-2093,373	0	161252	-- MSL  141 (19U 228)
:e	6831,9240,195,4686,-1958,373	0	161259	-- MSL  142 (19U 235)
:o	7317,9240,195,4593,-1922,373	0	161270	-- MSL  143 (19U 246)
:u	8781,9240,195,3834,-2501,373	0	161276	-- MSL  144 (19U 252)
oA	23418,24315,600,7644,-1211,373	2	161221	-- MSL  145 (19U 197)
^i	4878,9885,195,5088,-1946,373	0	161262	-- MSL  146 (19U 238)
/O	18051,19638,636,7677,-1427,373	2	161240	-- MSL  147 (19U 216)
AE	24396,19590,600,7059,309,373	2	161222	-- MSL  148 (19U 198)
oa	8781,10395,195,3735,-2093,373	0	161253	-- MSL  149 (19U 229)
'i	4878,9885,195,6150,-2342,373	0	161261	-- MSL  150 (19U 237)
/o	7317,6240,201,4239,-1160,373	0	161272	-- MSL  151 (19U 248)
ae	11220,6240,195,3378,-2057,373	0	161254	-- MSL  152 (19U 230)
:A	23418,23370,600,8598,-1211,373	2	161220	-- MSL  153 (19U 196)
`i	4878,9885,195,4536,-2342,373	0	161260	-- MSL  154 (19U 236)
:O	18051,23370,600,5169,-3554,373	2	161238	-- MSL  155 (19U 214)
:U	16587,23370,2220,7305,-4907,373	2	161244	-- MSL  156 (19U 220)
'E	15126,24825,600,7515,-2297,373	2	161225	-- MSL  157 (19U 201)
:i	4878,9240,195,5214,-2342,373	0	161263	-- MSL  158 (19U 239)
ss	9270,19920,6555,4851,-149,373	3	161247	-- MSL  159 (19U 223)
^O	18051,24975,600,5169,-3554,373	2	161236	-- MSL  160 (19U 212)
'A	23418,24825,600,8739,-1211,373	2	161217	-- MSL  161 (19U 193)
~A	23418,23673,600,9720,-1211,373	2	161219	-- MSL  162 (19U 195)
~a	8781,9282,195,3735,-2093,373	0	161251	-- MSL  163 (19U 227)
-D	23418,19698,0,3291,-2582,373	2	161232	-- MSL  164 (19U 208)
Sd	8781,18015,195,5640,-2606,373	2	161264	-- MSL  165 (19U 240)
'I	15126,24825,600,6585,-1199,373	2	161229	-- MSL  166 (19U 205)
`I	15126,24825,600,4941,-1199,373	2	161228	-- MSL  167 (19U 204)
'O	18051,24825,600,5169,-3554,373	2	161235	-- MSL  168 (19U 211)
`O	18051,24825,600,5169,-3554,373	2	161234	-- MSL  169 (19U 210)
~O	18051,23673,600,5202,-3554,373	2	161237	-- MSL  170 (19U 213)
~o	7317,9282,195,4308,-1922,373	0	161269	-- MSL  171 (19U 245)
vS	17565,25035,600,8751,-1559,373	2	161162	-- MSL  172 (19U 138)
vs	5856,11133,195,6582,-1673,373	0	161178	-- MSL  173 (19U 154)
'U	16587,24825,2220,7305,-4907,373	2	161242	-- MSL  174 (19U 218)
:Y	16101,23370,5784,7764,-4358,373	2	161183	-- MSL  175 (19U 159)
:y	7806,9240,6555,3639,-2132,373	1	161279	-- MSL  176 (19U 255)
TP	14148,19590,3228,5598,-749,373	2	161246	-- MSL  177 (19U 222)
Tp	8295,18015,6555,3597,-2,373	3	161278	-- MSL  178 (19U 254)
mc	14637,10800,5595,612,585,373	0	161205	-- MSL  180 (19U 181)
ps	10734,19635,4200,2865,-4976,373	2	161206	-- MSL  181 (19U 182)
34	13662,12714,426,4089,-2624,373	0	161214	-- MSL  182 (19U 190)
\-	13662,4020,0,837,-4634,373	0	60096	-- MSL  183 ( 7J 192)
14	13662,12714,426,3339,-3749,373	0	161212	-- MSL  184 (19U 188)
12	13662,12714,426,3726,-3749,373	0	161213	-- MSL  185 (19U 189)
Of	8295,12180,0,5139,-3017,373	0	161194	-- MSL  186 (19U 170)
Om	8295,12180,0,4494,-3869,373	0	161210	-- MSL  187 (19U 186)
Fo	7317,6840,870,5124,-2201,373	0	161195	-- MSL  188 (19U 171)
Fc	7317,6840,870,3621,-698,373	0	161211	-- MSL  190 (19U 187)
t+-	13662,7263,432,819,-4601,373	0	161201	-- MSL  191 (19U 177)
bb	13173,19083,5916,0,-4595	3	161190	-- MSL  192 (19U 166)
co	13173,19725,0,8436,-6611,373	2	161193	-- MSL  193 (19U 169)
tno	13662,5640,0,1545,-5342,373	0	161196	-- MSL  194 (19U 172)
u00AD	5367,3600,0,3648,-1853,373	0	161197	-- MSL  195 (19U 173)
rg	13173,19725,0,8436,-6611,373	2	161198	-- MSL  196 (19U 174)
S2	6342,12150,0,4965,-3668,373	0	161202	-- MSL  197 (19U 178)
S3	6342,12150,0,5163,-3224,373	0	161203	-- MSL  198 (19U 179)
ac	10734,0,4206,0,-3857	0	161208	-- MSL  199 (19U 184)
S1	6342,12150,0,4314,-4949,373	0	161209	-- MSL  200 (19U 185)
tmu	13662,7281,0,1434,-5198,373	0	161239	-- MSL  201 (19U 215)
tdi	13662,6570,0,1371,-5168,373	0	161271	-- MSL  202 (19U 247)
u203C	9270,19920,195,7221,-2492,373	2	87315	-- MSL  221 (10U  19)
u20A7	19029,19590,3276,4932,-746,373	2	60121	-- MSL  232 ( 7J 217)
pc	5367,6801,0,3285,-3872,373	0	161207	-- MSL  302 (19U 183)
u013F	18051,19590,600,8766,-1511,373	2	51943	-- MSL  306 ( 6J 231)
u0140	8295,19920,195,5301,-2354,373	2	51959	-- MSL  307 ( 6J 247)
u2113	10734,12180,195,2700,-4265,373	0	60122	-- MSL  308 ( 7J 218)
u0149	10734,14103,195,4125,-4487,373	0	51951	-- MSL  309 ( 6J 239)
fm	5367,11985,0,4482,-4724,373	0	60101	-- MSL  310 ( 7J 197)
sd	7806,11985,0,4626,-4724,373	0	60102	-- MSL  311 ( 7J 198)
dg	10734,12360,2565,3789,-4823,373	0	161158	-- MSL  312 (19U 134)
tm	16101,17550,0,8922,-6572,373	0	161177	-- MSL  313 (19U 153)
u2017	13173,0,6588,1317,1317,373	1	60095	-- MSL  314 ( 7J 191)
ah	10734,9993,0,3468,-6182,373	0	75169	-- MSL  315 ( 9E 161)
ao	10734,10395,0,1947,-6896,373	0	60152	-- MSL  316 ( 7J 248)
f/	2439,12714,426,7488,492,373	0	60109	-- MSL  324 ( 7J 205)
em	13662,3600,0,1644,-3692,373	0	161175	-- MSL  325 (19U 151)
en	10734,3600,0,1509,-4097,373	0	161174	-- MSL  326 (19U 150)
dd	10734,12360,2565,3195,-4229,373	0	161159	-- MSL  327 (19U 135)
.i	4878,6240,195,3915,-2342,373	0	46333	-- MSL  328 ( 5T 253)
aq	4392,18990,0,6729,-5585,373	2	161063	-- MSL  329 (19U  39)
bu	13173,14226,0,0,-497	0	161173	-- MSL  331 (19U 149)
u207F	8295,12237,0,5133,-3017,373	0	87548	-- MSL  332 (10U 252)
u0111	8781,18015,195,6720,-1985,373	2	75248	-- MSL  342 ( 9E 240)
u0041_0306	23418,23580,600,8793,-1211,373	2	75203	-- MSL  400 ( 9E 195)
u0061_0306	8781,9810,195,4389,-2093,373	0	75235	-- MSL  401 ( 9E 227)
u0041_0328	23418,19995,2925,5910,-1211,373	2	75173	-- MSL  404 ( 9E 165)
u0061_0328	8781,6240,2727,3735,-2093,373	0	75193	-- MSL  405 ( 9E 185)
'C	14637,24825,600,7947,-2972,373	2	75206	-- MSL  406 ( 9E 198)
'c	6831,9885,195,5622,-2012,373	0	75238	-- MSL  407 ( 9E 230)
u0041_030C	14637,25035,600,10215,-2972,373	2	75208	-- MSL  410 ( 9E 200)
u0061_030C	6831,9993,195,5574,-2012,373	0	75240	-- MSL  411 ( 9E 232)
u0044_030C	23418,25035,0,4326,-2531,373	2	75215	-- MSL  414 ( 9E 207)
u0064_030C	10245,19056,195,8436,-1985,373	2	75247	-- MSL  415 ( 9E 239)
u0045_030C	15126,25035,600,9972,-2297,373	2	75212	-- MSL  416 ( 9E 204)
u0065_030C	6831,9993,195,5418,-1958,373	0	75244	-- MSL  417 ( 9E 236)
u0045_0328	15126,19590,3900,7173,-2297,373	2	75210	-- MSL  422 ( 9E 202)
u0065_0328	6831,6240,2727,3648,-1958,373	0	75242	-- MSL  423 ( 9E 234)
u004C_0301	18051,24825,600,8421,-1511,373	2	75205	-- MSL  440 ( 9E 197)
u006C_0301	5367,23496,195,11004,-2354,373	2	75237	-- MSL  441 ( 9E 229)
u004C_030C	18051,20106,600,9780,-1511,373	2	75196	-- MSL  442 ( 9E 188)
u006C_030C	7806,20106,195,8715,-2354,373	2	75198	-- MSL  443 ( 9E 190)
u004E_0301	15612,24825,2220,6954,-4553,373	2	75217	-- MSL  446 ( 9E 209)
u006E_0301	8295,9885,195,4122,-2045,373	0	75249	-- MSL  447 ( 9E 241)
u004E_030C	15612,25035,2220,8529,-4553,373	2	75218	-- MSL  448 ( 9E 210)
u006E_030C	8295,9993,195,4686,-2045,373	0	75250	-- MSL  449 ( 9E 242)
u004F_030B	18051,24825,600,5169,-3554,373	2	75221	-- MSL  452 ( 9E 213)
u006F_030B	7317,9885,195,6870,-1922,373	0	75253	-- MSL  453 ( 9E 245)
u0052_0301	15126,24825,600,6837,-1316,373	2	75200	-- MSL  456 ( 9E 192)
u0072_0301	5856,9885,0,5661,-1997,373	0	75232	-- MSL  457 ( 9E 224)
u0052_030C	15126,25035,600,7422,-1316,373	2	75224	-- MSL  458 ( 9E 216)
u0072_030C	5856,9993,0,5907,-1997,373	0	75256	-- MSL  459 ( 9E 248)
u0053_0301	17565,24825,600,7359,-1559,373	2	75148	-- MSL  462 ( 9E 140)
u0073_0301	5856,11025,195,6111,-1673,373	0	75164	-- MSL  463 ( 9E 156)
u0054_030C	15612,25035,600,8829,-3008,373	2	75149	-- MSL  466 ( 9E 141)
u0074_030C	5856,13506,195,6465,-2210,373	0	75165	-- MSL  467 ( 9E 157)
u0054_0327	15612,19590,4569,7557,-3008,373	2	75230	-- MSL  468 ( 9E 222)
u0074_0327	4878,12324,4206,4935,-1139,373	0	75262	-- MSL  469 ( 9E 254)
u0055_030B	16587,24825,2220,7305,-4907,373	2	75227	-- MSL  474 ( 9E 219)
u0075_030B	8781,9885,195,5238,-2501,373	0	75259	-- MSL  475 ( 9E 251)
u0055_030A	16587,24315,2220,7305,-4907,373	2	75225	-- MSL  476 ( 9E 217)
u0075_030A	8781,10395,195,3834,-2501,373	0	75257	-- MSL  477 ( 9E 249)
u005A_0301	18051,24825,270,7545,-1265,373	2	75151	-- MSL  482 ( 9E 143)
u007A_0301	5856,9885,0,5901,-1331,373	0	75167	-- MSL  483 ( 9E 159)
u005A_0307	18051,23370,270,7545,-1265,373	2	75183	-- MSL  484 ( 9E 175)
u007A_0307	5856,9240,0,4245,-1331,373	0	75199	-- MSL  485 ( 9E 191)
u2070	6342,12150,0,5367,-3551,373	0	51753	-- MSL 1000 ( 6J  41)
u2074	6342,12504,0,5178,-3602,373	0	51748	-- MSL 1001 ( 6J  36)
u2075	6342,12000,0,5043,-3029,373	0	51749	-- MSL 1002 ( 6J  37)
u2076	6342,12642,0,4938,-3590,373	0	51806	-- MSL 1003 ( 6J  94)
u2077	6342,12000,0,5301,-4556,373	0	51750	-- MSL 1004 ( 6J  38)
u2078	6342,12150,0,5265,-3677,373	0	51754	-- MSL 1005 ( 6J  42)
u2079	6342,12150,0,5232,-4034,373	0	51752	-- MSL 1006 ( 6J  40)
lq	7317,19590,0,6600,-6074,373	2	161171	-- MSL 1017 (19U 147)
rq	7317,19590,0,6600,-6074,373	2	161172	-- MSL 1018 (19U 148)
Bq	7317,2064,2151,2220,-1694,373	0	161156	-- MSL 1019 (19U 132)
u2003	13662,0,0,0,1317	0	51821	-- MSL 1020 ( 6J 109)
u2002	10734,0,0,0,1317	0	51822	-- MSL 1021 ( 6J 110)
u2009	5367,0,0,0,1317	0	51828	-- MSL 1023 ( 6J 116)
u2026	13662,1950,195,2514,-2420,373	0	161157	-- MSL 1028 (19U 133)
vz	5856,9993,0,5907,-1331,373	0	75166	-- MSL 1031 ( 9E 158)
u2120	16101,17703,0,8175,-6617,373	0	128299	-- MSL 1034 (15U  43)
u211E	20004,18315,4056,4212,-4913,373	2	51794	-- MSL 1036 ( 6J  82)
fi	10245,19920,6555,4416,-41,373	3	60077	-- MSL 1040 ( 7J 173)
fl	10734,19920,6555,8226,-41,373	3	60078	-- MSL 1041 ( 7J 174)
ff	11220,19920,6555,8130,-44,373	3	51883	-- MSL 1042 ( 6J 171)
Fi	15612,19920,6555,4413,-38,373	3	51884	-- MSL 1043 ( 6J 172)
Fl	16587,19914,6429,8226,-41,373	3	51885	-- MSL 1044 ( 6J 173)
ij	9270,10146,6555,4560,-2342,373	1	60134	-- MSL 1047 ( 7J 230)
u2105	15612,12330,600,4140,-4076,373	0	60072	-- MSL 1060 ( 7J 168)
u0047_0306	15126,23580,6765,7752,-2897,373	3	46288	-- MSL 1061 ( 5T 208)
u0067_0306	8295,9810,6555,4644,-1463,373	1	46320	-- MSL 1062 ( 5T 240)
u0053_0327	17565,19590,4569,7359,-1559,373	2	75178	-- MSL 1063 ( 9E 170)
u0073_0327	5856,7410,4206,3423,-1418,373	0	75194	-- MSL 1064 ( 9E 186)
u0049_0307	15126,23370,600,5337,-1199,373	2	46301	-- MSL 1065 ( 5T 221)
bq	4392,2064,2151,2655,-2414,373	0	161154	-- MSL 1067 (19U 130)
%0	17565,12180,195,3261,-3656,373	0	161161	-- MSL 1068 (19U 137)
a-	10734,8115,0,2277,-6512,373	0	60154	-- MSL 1084 ( 7J 250)
ab	10734,9810,0,2814,-6065,373	0	75170	-- MSL 1086 ( 9E 162)
a.	10734,9240,0,1182,-7526,373	0	75263	-- MSL 1088 ( 9E 255)
oe	11220,6240,195,3690,-1922,373	0	161180	-- MSL 1090 (19U 156)
OE	26346,19590,600,4215,-3722,373	2	161164	-- MSL 1091 (19U 140)
fo	4878,6840,870,4353,-1841,373	0	161163	-- MSL 1092 (19U 139)
fc	4878,6840,870,3207,-695,373	0	161179	-- MSL 1093 (19U 155)
sq	19029,15624,0,0,-2021	0	60091	-- MSL 1094 ( 7J 187)
/L	18051,19590,600,6657,-1511,373	2	75171	-- MSL 1095 ( 9E 163)
/l	6342,19920,195,7704,-1943,373	2	75187	-- MSL 1096 ( 9E 179)
a"	10734,9885,0,4803,-6143,373	0	75197	-- MSL 1097 ( 9E 189)
ho	10734,318,2727,1575,-6617,373	0	75186	-- MSL 1098 ( 9E 178)
vZ	18051,25035,270,7545,-1265,373	2	75150	-- MSL 1106 ( 9E 142)
IJ	25371,19590,6519,5952,-1199,373	3	60135	-- MSL 1107 ( 7J 231)
