name BMI
internalname Bookman-LightItalic
slant 10
spacewidth 300
encoding text.enc
ligatures fi fl 0
kernpairs
A Y -62
A W -73
A V -78
A T -5
F . -97
F , -98
F A -16
L y 20
L Y 7
L W 9
L V 4
P . -105
P , -106
P A -30
R Y 11
R W 2
R V 2
R T 65
T ; 48
T s -7
T r 67
T . -78
T o 14
T i 71
T - 20
T hy 20
T e 10
T , -79
T : 48
T c 16
T a 9
T A -14
V y -14
V u -10
V ; -44
V r -20
V . -100
V o -70
V i 3
V - 20
V hy 20
V e -70
V , -109
V : -35
V a -70
V A -70
W y -14
W u -20
W ; -42
W r -30
W . -100
W o -60
W i 3
W - 20
W hy 20
W e -60
W , -109
W : -35
W a -60
W A -60
Y v -19
Y u -31
Y ; -40
Y q -72
Y . -100
Y p -37
Y o -75
Y i -11
Y - 20
Y hy 20
Y e -78
Y , -109
Y : -35
Y a -79
Y A -82
f f -19
r q -14
r . -134
r o -10
r n 38
r m 37
r - 20
r hy 20
r h -20
r g -3
r f -9
r e -15
r d -9
r , -143
r c -8
charset
ha	600,681,0,49,-47,49	2	0	asciicircum
ti	600,386,0,45,-41,45	0	1	asciitilde
vS	640,861,17,78,-11,70	2	2	Scaron
vZ	580,861,0,165,42,70	2	3	Zcaron
vs	540,684,8,57,-15,57	2	4	scaron
vz	520,684,8,91,12,70	2	5	zcaron
:Y	660,865,0,199,-37,70	2	6	Ydieresis
tm	980,681,0,35,-19,35	2	7	trademark
aq	200,698,0,97,-49,70	2	8	quotesingle
space	300	0	32	space
!	320,698,8,72,-53,70	2	33	exclam
"	360,698,0,92,-57,70	2	34	quotedbl
dq	"
#	620,681,0,28,-57,28	2	35	numbersign
sh	"
$	620,762,85,49,-28,49	2	36	dollar
Do	"
%	800,691,8,61,-6,61	2	37	percent
&	820,698,18,78,-15,70	2	38	ampersand
'	280,698,0,58,-98,58	2	39	quoteright
cq	"
(	280,727,146,153,-46,70	2	40	parenleft
)	280,727,146,49,58,49	2	41	parenright
*	440,698,0,115,-89,70	2	42	asterisk
+	600,548,0,45,-41,45	0	43	plus
,	300,112,115,0,-38	0	44	comma
-	320,325,0,66,-28,66	0	45	hyphen
hy	"
.	300,127,8,0,-46	0	46	period
/	600,717,149,12,-54,12	2	47	slash
sl	"
0	620,698,17,76,-36,70	2	48	zero
1	620,681,0,0,-104	2	49	one
2	620,698,0,66,-16,66	2	50	two
3	620,698,17,52,-5,52	2	51	three
4	620,681,0,64,-19,64	2	52	four
5	620,681,17,44,-20,44	2	53	five
6	620,698,17,87,-39,70	2	54	six
7	620,681,0,102,-93,70	2	55	seven
8	620,698,17,85,-11,70	2	56	eight
9	620,698,17,79,-27,70	2	57	nine
:	300,494,8,42,-46,42	0	58	colon
;	300,494,114,42,-38,42	0	59	semicolon
<	600,561,0,38,-29,38	0	60	less
=	600,433,0,45,-41,45	0	61	equal
>	600,561,0,52,-43,52	0	62	greater
?	540,698,8,114,-64,70	2	63	question
@	780,698,17,72,-52,70	2	64	at
at	"
A	700,681,0,70,75,70	2	65	A
B	720,681,0,76,29,70	2	66	B
C	720,698,17,76,-38,70	2	67	C
D	740,681,0,92,29,70	2	68	D
E	680,681,0,106,29,70	2	69	E
F	620,681,0,173,29,70	2	70	F
G	760,698,17,103,-38,70	2	71	G
H	800,681,0,138,29,70	2	72	H
I	320,681,0,142,29,70	2	73	I
J	560,681,17,156,52,70	2	74	J
K	720,681,0,134,29,70	2	75	K
L	580,681,0,126,29,70	2	76	L
M	860,681,0,146,32,70	2	77	M
N	720,681,0,153,32,70	2	78	N
O	760,698,17,89,-38,70	2	79	O
P	600,681,0,131,29,70	2	80	P
Q	780,698,191,82,-11,70	2	81	Q
R	700,681,0,86,29,70	2	82	R
S	640,698,17,78,-11,70	2	83	S
T	600,681,0,175,0,70	2	84	T
U	720,681,17,172,-68,70	2	85	U
V	680,681,0,185,-37,70	2	86	V
W	960,681,0,185,-37,70	2	87	W
X	700,681,0,165,75,70	2	88	X
Y	660,681,0,199,-37,70	2	89	Y
Z	580,681,0,165,42,70	2	90	Z
[	260,717,136,141,-6,70	2	91	bracketleft
lB	"
\	600,717,0,0,-34	2	92	backslash
rs	"
]	260,717,136,99,35,70	2	93	bracketright
rB	"
a^	440,685,0,89,-126,70	2	94	circumflex
^	"
_	500,0,125,50,50,50	0	95	underscore
`	280,698,0,100,-141,70	2	96	quoteleft
oq	"
a	620,494,8,116,-21,70	0	97	a
b	600,717,8,71,-38,70	2	98	b
c	480,494,8,92,-15,70	0	99	c
d	640,717,8,105,-15,70	2	100	d
e	540,494,8,85,-15,70	0	101	e
f	340,725,218,267,210,70	3	102	f
g	560,494,221,71,46,70	1	103	g
h	620,717,8,119,-38,70	2	104	h
i	280,663,8,121,-38,70	2	105	i
j	280,663,221,78,250,70	3	106	j
k	600,717,8,107,-38,70	2	107	k
l	280,717,8,112,-50,70	2	108	l
m	880,494,8,122,-38,70	0	109	m
n	620,494,8,103,-38,70	0	110	n
o	540,494,8,82,-15,70	0	111	o
p	600,494,212,70,74,70	1	112	p
q	560,494,212,74,-15,70	1	113	q
r	400,494,0,131,-38,70	0	114	r
s	540,494,8,57,-15,57	0	115	s
t	340,664,8,121,-38,70	2	116	t
u	620,484,8,116,-38,70	0	117	u
v	540,494,8,72,-38,70	0	118	v
w	880,494,8,63,-38,63	0	119	w
x	540,494,8,136,41,70	0	120	x
y	600,484,221,59,-10,59	1	121	y
z	520,494,8,91,12,70	0	122	z
lC	360,717,191,132,-72,70	2	123	braceleft
{	"
ba	600,750,250,0,-244	3	124	bar
|	"
rC	380,717,191,3,37,3	2	125	braceright
}	"
a~	440,671,0,98,-130,70	2	126	tilde
~	"
bq	320,113,114,0,-37	0	128	quotesinglbase
Fo	300,434,0,63,-20,63	0	129	guillemotleft
Fc	300,434,0,53,-10,53	0	130	guillemotright
bu	460,511,0,34,-50,34	0	131	bullet
Fn	620,725,218,122,76,70	3	132	florin
f/	20,681,0,353,278,70	2	133	fraction
%0	1180,691,8,69,-6,69	2	134	perthousand
dg	620,698,130,0,-142	2	135	dagger
dd	620,698,122,0,-94	2	136	daggerdbl
en	500,325,0,111,17,70	0	137	endash
em	1000,325,0,111,17,70	0	138	emdash
fi	640,725,222,119,209,70	3	140	fi
fl	660,725,218,103,209,70	3	141	fl
.i	280,484,8,121,-38,70	0	144	dotlessi
ga	340,706,0,87,-132,70	2	146	grave
a"	340,738,0,112,-117,70	2	147	hungarumlaut
a.	260,664,0,80,-119,70	2	148	dotaccent
ab	440,680,0,110,-141,70	2	149	breve
ah	440,684,0,91,-128,70	2	150	caron
ao	300,706,0,84,-128,70	2	151	ring
ho	260,0,173,0,-1	0	152	ogonek
lq	440,698,0,103,-141,70	2	153	quotedblleft
rq	440,698,0,61,-98,61	2	154	quotedblright
oe	900,494,8,98,-15,70	0	155	oe
/l	340,717,8,108,0,70	2	156	lslash
Bq	480,113,114,0,-37	0	157	quotedblbase
OE	1180,698,17,107,-38,70	2	158	OE
/L	580,681,0,126,29,70	2	159	Lslash
r!	320,494,213,31,-23,31	1	161	exclamdown
ct	620,715,29,26,-98,26	2	162	cent
Po	620,698,17,132,46,70	2	163	sterling
Cs	620,591,0,35,-50,35	0	164	currency
Ye	620,681,0,165,-21,70	2	165	yen
bb	600,675,175,0,-244	2	166	brokenbar
sc	620,698,178,68,12,68	2	167	section
ad	420,688,0,97,-135,70	2	168	dieresis
co	740,698,17,94,-34,70	2	169	copyright
Of	440,698,0,123,-80,70	2	170	ordfeminine
fo	180,434,0,78,-25,70	0	171	guilsinglleft
tno	600,433,0,45,-41,45	0	172	logicalnot
\-	600,335,0,45,-41,45	0	173	minus
rg	740,698,17,94,-34,70	2	174	registered
a-	440,658,0,94,-128,70	0	175	macron
de	400,698,0,70,-70,70	2	176	degree
t+-	600,548,0,45,-41,45	0	177	plusminus
S2	372,698,0,117,-18,70	2	178	twosuperior
S3	372,698,0,117,-20,70	2	179	threesuperior
aa	320,706,0,103,-128,70	2	180	acute
mc	620,484,221,116,-3,70	1	181	mu
ps	620,681,0,148,-62,70	2	182	paragraph
pc	300,364,0,22,-87,22	0	183	periodcentered
ac	320,0,178,0,5	0	184	cedilla
S1	372,688,0,17,-64,17	2	185	onesuperior
Om	400,698,0,105,-89,70	2	186	ordmasculine
fc	180,434,0,73,-20,70	0	187	guilsinglright
14	930,681,0,33,-41,33	2	188	onequarter
12	930,681,0,45,-41,45	2	189	onehalf
34	930,691,0,33,-49,33	2	190	threequarters
r?	540,494,212,18,32,18	1	191	questiondown
`A	700,883,0,70,75,70	2	192	Agrave
'A	700,883,0,70,75,70	2	193	Aacute
^A	700,862,0,70,75,70	2	194	Acircumflex
~A	700,848,0,70,75,70	2	195	Atilde
:A	700,865,0,70,75,70	2	196	Adieresis
oA	700,883,0,70,75,70	2	197	Aring
AE	1220,681,0,99,95,70	2	198	AE
,C	720,698,178,76,-38,70	2	199	Ccedilla
`E	680,883,0,106,29,70	2	200	Egrave
'E	680,883,0,106,29,70	2	201	Eacute
^E	680,862,0,106,29,70	2	202	Ecircumflex
:E	680,865,0,106,29,70	2	203	Edieresis
`I	320,883,0,142,29,70	2	204	Igrave
'I	320,883,0,142,29,70	2	205	Iacute
^I	320,862,0,179,29,70	2	206	Icircumflex
:I	320,865,0,177,29,70	2	207	Idieresis
-D	740,681,0,92,29,70	2	208	Eth
~N	720,848,0,153,32,70	2	209	Ntilde
`O	760,883,17,89,-38,70	2	210	Ograve
'O	760,883,17,89,-38,70	2	211	Oacute
^O	760,862,17,89,-38,70	2	212	Ocircumflex
~O	760,848,17,89,-38,70	2	213	Otilde
:O	760,865,17,89,-38,70	2	214	Odieresis
tmu	600,548,0,45,-41,45	0	215	multiply
/O	760,777,95,89,-38,70	2	216	Oslash
`U	720,883,17,172,-68,70	2	217	Ugrave
'U	720,883,17,172,-68,70	2	218	Uacute
^U	720,862,17,172,-68,70	2	219	Ucircumflex
:U	720,865,17,172,-68,70	2	220	Udieresis
'Y	660,883,0,199,-37,70	2	221	Yacute
TP	600,681,0,106,29,70	2	222	Thorn
ss	620,698,111,83,171,70	2	223	germandbls
`a	620,706,8,116,-21,70	2	224	agrave
'a	620,706,8,116,-21,70	2	225	aacute
^a	620,685,8,116,-21,70	2	226	acircumflex
~a	620,671,8,116,-21,70	2	227	atilde
:a	620,688,8,116,-21,70	2	228	adieresis
oa	620,706,8,116,-21,70	2	229	aring
ae	880,494,8,88,-21,70	0	230	ae
,c	480,494,178,92,-15,70	0	231	ccedilla
`e	540,706,8,85,-15,70	2	232	egrave
'e	540,706,8,85,-15,70	2	233	eacute
^e	540,685,8,85,-15,70	2	234	ecircumflex
:e	540,688,8,85,-15,70	2	235	edieresis
`i	280,706,8,121,-38,70	2	236	igrave
'i	280,706,8,121,-38,70	2	237	iacute
^i	280,685,8,149,-26,70	2	238	icircumflex
:i	280,688,8,147,-38,70	2	239	idieresis
Sd	540,725,8,152,-15,70	2	240	eth
~n	620,671,8,103,-38,70	2	241	ntilde
`o	540,706,8,82,-15,70	2	242	ograve
'o	540,706,8,82,-15,70	2	243	oacute
^o	540,685,8,82,-15,70	2	244	ocircumflex
~o	540,671,8,82,-15,70	2	245	otilde
:o	540,688,8,82,-15,70	2	246	odieresis
tdi	600,548,0,45,-41,45	0	247	divide
/o	540,532,49,81,-15,70	0	248	oslash
`u	620,706,8,116,-38,70	2	249	ugrave
'u	620,706,8,116,-38,70	2	250	uacute
^u	620,685,8,116,-38,70	2	251	ucircumflex
:u	620,688,8,116,-38,70	2	252	udieresis
'y	600,706,221,59,-10,59	3	253	yacute
Tp	600,717,212,70,74,70	3	254	thorn
:y	600,688,221,59,-10,59	3	255	ydieresis
u2026	1000,127,8,0,-49	0	256	ellipsis
