name CI
internalname Courier-Oblique
slant 12
spacewidth 600
encoding text.enc
charset
ha	600,622,0,37,-125,37	2	0	asciicircum
ti	600,320,0,50,-66,50	0	1	asciitilde
vS	600,805,20,123,-26,72	2	2	Scaron
vZ	600,805,0,93,-36,72	2	3	Zcaron
vs	600,669,15,64,-28,64	2	4	scaron
vz	600,669,0,74,-49,72	2	5	zcaron
:Y	600,731,0,145,-83,72	2	6	Ydieresis
tm	600,562,0,192,-25,72	2	7	trademark
aq	600,562,0,0,-295	2	8	quotesingle
space	600	0	32	space
!	600,572,15,0,-193	2	33	exclam
"	600,562,0,0,-223	2	34	quotedbl
dq	"
#	600,639,32,46,-83,46	2	35	numbersign
sh	"
$	600,662,126,46,-58,46	2	36	dollar
Do	"
%	600,622,15,49,-84,49	2	37	percent
&	600,543,15,30,-37,30	0	38	ampersand
'	600,562,0,0,-233	2	39	quoteright
cq	"
(	600,622,108,22,-263,22	2	40	parenleft
)	600,622,108,0,-87	2	41	parenright
*	600,607,0,30,-162,30	2	42	asterisk
+	600,470,0,30,-79,30	0	43	plus
,	600,122,112,0,-107	0	44	comma
-	600,285,0,8,-102,8	0	45	hyphen
hy	"
.	600,109,15,0,-188	0	46	period
/	600,629,80,54,-62,54	2	47	slash
sl	"
0	600,622,15,25,-104,25	2	48	zero
1	600,622,0,0,-48	2	49	one
2	600,622,0,18,-20,18	2	50	two
3	600,622,15,0,-32	2	51	three
4	600,622,0,0,-58	2	52	four
5	600,607,15,39,-49,39	2	53	five
6	600,622,15,79,-105,72	2	54	six
7	600,607,0,62,-132,62	2	55	seven
8	600,622,15,38,-82,38	2	56	eight
9	600,622,15,24,-43,24	2	57	nine
:	600,385,15,0,-188	0	58	colon
;	600,385,112,0,-107	0	59	semicolon
<	600,472,0,60,-46,60	0	60	less
=	600,376,0,50,-59,50	0	61	equal
>	600,472,0,49,-35,49	0	62	greater
?	600,572,15,33,-172,33	2	63	question
@	600,622,15,32,-77,32	2	64	at
at	"
A	600,562,0,57,47,57	2	65	A
B	600,562,0,66,7,66	2	66	B
C	600,580,18,105,-43,72	2	67	C
D	600,562,0,95,7,72	2	68	D
E	600,562,0,110,-3,72	2	69	E
F	600,562,0,110,-3,72	2	70	F
G	600,580,18,95,-33,72	2	71	G
H	600,562,0,137,18,72	2	72	H
I	600,562,0,73,-46,72	2	73	I
J	600,562,18,135,-2,72	2	74	J
K	600,562,0,121,12,72	2	75	K
L	600,562,0,57,3,57	2	76	L
M	600,562,0,165,46,72	2	77	M
N	600,562,13,162,43,72	2	78	N
O	600,580,18,75,-44,72	2	79	O
P	600,562,0,94,-29,72	2	80	P
Q	600,580,138,75,-45,72	2	81	Q
R	600,562,0,48,12,48	2	82	R
S	600,580,20,100,-26,72	2	83	S
T	600,562,0,115,-58,72	2	84	T
U	600,562,18,152,-75,72	2	85	U
V	600,562,13,173,-55,72	2	86	V
W	600,562,13,172,-56,72	2	87	W
X	600,562,0,125,27,72	2	88	X
Y	600,562,0,145,-83,72	2	89	Y
Z	600,562,0,60,-36,60	2	90	Z
[	600,622,108,24,-196,24	2	91	bracketleft
lB	"
\	600,629,80,0,-199	2	92	backslash
rs	"
]	600,622,108,0,-85	2	93	bracketright
rB	"
a^	600,654,0,31,-179,31	2	94	circumflex
^	"
_	600,0,125,34,77,34	0	95	underscore
`	600,562,0,0,-293	2	96	quoteleft
oq	"
a	600,441,15,19,-26,19	0	97	a
b	600,629,15,75,21,72	2	98	b
c	600,441,15,58,-56,58	0	99	c
d	600,629,15,90,-35,72	2	100	d
e	600,441,15,48,-56,48	0	101	e
f	600,629,0,112,-64,72	2	102	f
g	600,441,157,107,-11,72	1	103	g
h	600,629,0,42,17,42	2	104	h
i	600,657,0,0,-45	2	105	i
j	600,657,157,0,-2	3	106	j
k	600,629,0,83,-8,72	2	107	k
l	600,629,0,0,-45	2	108	l
m	600,441,0,65,55,65	0	109	m
n	600,441,0,35,24,35	0	110	n
o	600,441,15,38,-52,38	0	111	o
p	600,441,157,55,74,55	1	112	p
q	600,441,157,132,-35,72	1	113	q
r	600,441,0,86,-10,72	0	114	r
s	600,441,15,34,-28,34	0	115	s
t	600,561,15,11,-117,11	2	116	t
u	600,426,15,22,-51,22	0	117	u
v	600,426,10,131,-40,72	0	118	v
w	600,426,10,145,-26,72	0	119	w
x	600,426,0,105,30,72	0	120	x
y	600,426,157,133,54,72	1	121	y
z	600,426,0,43,-49,43	0	122	z
lC	600,622,108,19,-183,19	2	123	braceleft
{	"
ba	600,750,250,0,-172	3	124	bar
|	"
rC	600,622,108,0,-90	2	125	braceright
}	"
a~	600,606,0,79,-162,72	2	126	tilde
~	"
bq	600,100,134,0,-135	0	128	quotesinglbase
Fo	600,446,0,102,-42,72	0	129	guillemotleft
Fc	600,446,0,68,-8,68	0	130	guillemotright
bu	600,383,0,0,-174	0	131	bullet
Fn	600,622,143,121,76,72	2	132	florin
f/	600,665,57,96,-34,72	2	133	fraction
%0	600,622,15,77,-9,72	2	134	perthousand
dg	600,580,78,0,-167	2	135	dagger
dd	600,580,78,0,-113	2	136	daggerdbl
en	600,285,0,36,-74,36	0	137	endash
em	600,285,0,111,1,72	0	138	emdash
fi	600,629,0,69,47,69	2	140	fi
fl	600,629,0,69,47,69	2	141	fl
.i	600,426,0,0,-45	0	144	dotlessi
ga	600,672,0,0,-244	2	146	grave
a"	600,672,0,133,-189,72	2	147	hungarumlaut
a.	600,580,0,0,-310	2	148	dotaccent
ab	600,609,0,26,-229,26	2	149	breve
ah	600,669,0,64,-212,64	2	150	caron
ao	600,627,0,0,-282	2	151	ring
ho	600,0,151,0,-157	0	152	ogonek
lq	600,562,0,0,-212	2	153	quotedblleft
rq	600,562,0,26,-163,26	2	154	quotedblright
oe	600,441,15,65,-4,65	0	155	oe
/l	600,629,0,33,-45,33	2	156	lslash
Bq	600,100,134,0,-65	0	157	quotedblbase
OE	600,562,0,122,-9,72	2	158	OE
/L	600,562,0,57,3,57	2	159	Lslash
r!	600,430,157,0,-175	1	161	exclamdown
ct	600,614,49,38,-101,38	2	162	cent
Po	600,611,21,71,-74,71	2	163	sterling
Cs	600,506,0,78,-44,72	0	164	currency
Ye	600,562,0,143,-70,72	2	165	yen
bb	600,675,175,0,-188	3	166	brokenbar
sc	600,580,78,40,-54,40	2	167	section
ad	600,595,0,20,-212,20	2	168	dieresis
co	600,580,18,117,-3,72	2	169	copyright
Of	600,580,0,0,-159	2	170	ordfeminine
fo	600,446,0,0,-154	0	171	guilsinglleft
tno	600,369,0,41,-105,41	0	172	logicalnot
\-	600,283,0,30,-79,30	0	173	minus
rg	600,580,18,117,-3,72	2	174	registered
a-	600,565,0,50,-182,50	2	175	macron
de	600,622,0,26,-164,26	2	176	degree
t+-	600,558,0,44,-46,44	0	177	plusminus
S2	600,622,0,0,-180	2	178	twosuperior
S3	600,622,0,0,-163	2	179	threesuperior
aa	600,672,0,62,-298,62	2	180	acute
mc	600,426,157,22,-22,22	1	181	mu
ps	600,562,78,80,-50,72	2	182	paragraph
pc	600,327,0,0,-225	0	183	periodcentered
ac	600,10,151,0,-147	0	184	cedilla
S1	600,622,0,0,-181	2	185	onesuperior
Om	600,580,0,0,-160	2	186	ordmasculine
fc	600,446,0,0,-120	0	187	guilsinglright
14	600,665,57,124,-15,72	2	188	onequarter
12	600,665,57,119,-15,72	2	189	onehalf
34	600,666,56,109,-23,72	2	190	threequarters
r?	600,430,157,0,-55	1	191	questiondown
`A	600,793,0,57,47,57	2	192	Agrave
'A	600,793,0,108,47,72	2	193	Aacute
^A	600,775,0,57,47,57	2	194	Acircumflex
~A	600,732,0,106,47,72	2	195	Atilde
:A	600,731,0,57,47,57	2	196	Adieresis
oA	600,753,0,57,47,57	2	197	Aring
AE	600,562,0,105,47,72	2	198	AE
,C	600,580,151,108,-43,72	2	199	Ccedilla
`E	600,793,0,110,-3,72	2	200	Egrave
'E	600,793,0,118,-3,72	2	201	Eacute
^E	600,775,0,110,-3,72	2	202	Ecircumflex
:E	600,731,0,110,-3,72	2	203	Edieresis
`I	600,793,0,73,-46,72	2	204	Igrave
'I	600,793,0,88,-46,72	2	205	Iacute
^I	600,775,0,73,-46,72	2	206	Icircumflex
:I	600,731,0,73,-46,72	2	207	Idieresis
-D	600,562,0,95,7,72	2	208	Eth
~N	600,732,13,162,43,72	2	209	Ntilde
`O	600,793,18,75,-44,72	2	210	Ograve
'O	600,793,18,88,-44,72	2	211	Oacute
^O	600,775,18,75,-44,72	2	212	Ocircumflex
~O	600,732,18,106,-44,72	2	213	Otilde
:O	600,731,18,75,-44,72	2	214	Odieresis
tmu	600,470,0,57,-53,57	0	215	multiply
/O	600,629,80,75,-44,72	2	216	Oslash
`U	600,793,18,152,-75,72	2	217	Ugrave
'U	600,793,18,152,-75,72	2	218	Uacute
^U	600,775,18,152,-75,72	2	219	Ucircumflex
:U	600,731,18,152,-75,72	2	220	Udieresis
'Y	600,793,0,145,-83,72	2	221	Yacute
TP	600,562,0,56,-29,56	2	222	Thorn
ss	600,629,15,67,2,67	2	223	germandbls
`a	600,672,15,19,-26,19	2	224	agrave
'a	600,672,15,62,-26,62	2	225	aacute
^a	600,654,15,31,-26,31	2	226	acircumflex
~a	600,606,15,79,-26,72	2	227	atilde
:a	600,595,15,20,-26,20	2	228	adieresis
oa	600,627,15,19,-26,19	2	229	aring
ae	600,441,15,76,9,72	0	230	ae
,c	600,441,151,64,-56,64	0	231	ccedilla
`e	600,672,15,48,-56,48	2	232	egrave
'e	600,672,15,62,-56,62	2	233	eacute
^e	600,654,15,48,-56,48	2	234	ecircumflex
:e	600,595,15,48,-56,48	2	235	edieresis
`i	600,672,0,0,-45	2	236	igrave
'i	600,672,0,62,-45,62	2	237	iacute
^i	600,654,0,1,-45,1	2	238	icircumflex
:i	600,595,0,0,-45	2	239	idieresis
Sd	600,629,15,89,-52,72	2	240	eth
~n	600,606,0,79,24,72	2	241	ntilde
`o	600,672,15,38,-52,38	2	242	ograve
'o	600,672,15,62,-52,62	2	243	oacute
^o	600,654,15,38,-52,38	2	244	ocircumflex
~o	600,606,15,79,-52,72	2	245	otilde
:o	600,595,15,38,-52,38	2	246	odieresis
tdi	600,467,0,23,-86,23	0	247	divide
/o	600,506,80,38,-52,38	0	248	oslash
`u	600,672,15,22,-51,22	2	249	ugrave
'u	600,672,15,52,-51,52	2	250	uacute
^u	600,654,15,22,-51,22	2	251	ucircumflex
:u	600,595,15,22,-51,22	2	252	udieresis
'y	600,672,157,133,54,72	3	253	yacute
Tp	600,629,157,55,74,55	3	254	thorn
:y	600,595,157,133,54,72	3	255	ydieresis
IJ	600,562,18,152,18,72	2	256	IJ
---	600,437,0,0,-173	0	257	up
---	600,227,0,43,32,43	0	258	dectab
u0047_030C	600,805,18,95,-33,72	2	259	Gcaron
---	600,562,0,150,31,72	2	260	stop
---	600,562,0,91,31,72	2	261	tab
u2026	600,111,15,25,4,25	0	262	ellipsis
---	600,297,0,0,-265	0	263	largebullet
u0073_0327	600,441,151,34,-28,34	0	264	scedilla
---	600,562,0,150,-29,72	2	265	return
ij	600,657,157,80,13,72	3	266	ij
---	600,562,0,97,42,72	2	267	LL
---	600,562,0,150,31,72	2	268	square
da	600,608,15,0,-102	2	269	arrowdown
<-	600,483,0,143,10,72	0	270	arrowleft
<>	600,483,0,142,14,72	0	271	arrowboth
---	600,599,0,102,-26,72	2	272	graybox
->	600,483,0,138,16,72	0	273	arrowright
u00AF	600,629,0,184,-73,72	2	274	overscore
---	600,629,0,66,17,66	2	275	ll
u0067_030C	600,669,157,107,-11,72	3	276	gcaron
u20A4	600,611,21,71,-68,71	2	277	lira
---	600,580,0,73,-53,72	2	278	center
u0053_0327	600,580,151,100,-26,72	2	279	Scedilla
---	600,607,157,0,78	3	280	format
ua	600,623,0,27,-159,27	2	281	arrowup
---	600,572,15,14,-93,14	2	282	notegraphic
u211E	600,562,15,67,23,67	2	283	prescription
---	600,348,0,24,-58,24	0	284	indent
---	600,426,15,0,-137	0	285	down
---	600,348,0,30,-64,30	0	286	left
u0049_0307	600,716,0,73,-46,72	2	287	Idot
---	600,436,15,0,-137	0	288	merge
