name SS
internalname Symbol-Slanted
special
slant 15.5
spacewidth 223
charset
space	223	0	0040
---	296,599,15,137,-72,99	3	0041	-- exclam
---	635,627,0,216,-173,99	3	0042	-- universal
---	445,599,15,162,-21,99	3	0043	-- numbersign
---	489,629,0,183,28,99	3	0044	-- existential
---	741,583,32,75,-97,75	3	0045	-- percent
---	692,589,16,103,-18,99	3	0046	-- ampersand
---	391,444,15,109,6,99	3	0047	-- suchthat
---	296,599,170,203,-39,99	3	0050	-- parenleft
---	296,600,170,93,72,93	3	0051	-- parenright
---	445,490,0,105,-76,99	3	0052	-- asteriskmath
---	489,474,0,123,-26,99	3	0053	-- plus
---	223,93,136,10,41,10	3	0054	-- comma
---	489,256,0,117,-24,99	3	0055	-- minus
---	223,85,15,1,-20,1	3	0056	-- period
---	247,575,15,208,55,99	3	0057	-- slash
---	445,610,15,142,-40,99	3	0060	-- zero
---	445,599,0,56,-57,56	3	0061	-- one
---	445,611,0,129,28,99	3	0062	-- two
---	445,611,16,115,-6,99	3	0063	-- three
---	445,610,0,135,-8,99	3	0064	-- four
---	445,610,15,188,14,99	3	0065	-- five
---	445,610,16,193,-37,99	3	0066	-- six
---	445,599,15,190,-101,99	3	0067	-- seven
---	445,611,16,141,-32,99	3	0070	-- eight
---	445,609,15,140,-2,99	3	0071	-- nine
---	247,409,15,89,-31,89	3	0072	-- colon
---	247,409,136,99,17,99	3	0073	-- semicolon
---	489,464,0,171,-37,99	3	0074	-- less
---	489,347,0,147,1,99	3	0075	-- equal
---	489,464,0,108,27,99	3	0076	-- greater
---	395,610,15,172,-113,99	3	0077	-- question
---	489,423,0,158,40,99	3	0100	-- congruent
---	643,599,0,21,47,21	3	0101	-- Alpha
---	594,598,0,101,24,99	3	0102	-- Beta
---	643,599,0,205,58,99	3	0103	-- Chi
---	545,612,0,46,45,46	3	0104	-- Delta
---	544,599,0,194,22,99	3	0105	-- Epsilon
---	679,598,0,132,-55,99	3	0106	-- Phi
---	537,599,0,227,19,99	3	0107	-- Gamma
---	643,599,0,243,15,99	3	0110	-- Eta
---	296,599,0,222,22,99	3	0111	-- Iota
+h	562,614,15,133,-58,99	3	0112	-- theta1
---	643,598,0,185,19,99	3	0113	-- Kappa
---	611,612,0,49,45,49	3	0114	-- Lambda
---	791,599,0,233,22,99	3	0115	-- Mu
---	643,599,7,234,24,99	3	0116	-- Nu
---	643,610,15,154,-62,99	3	0117	-- Omicron
---	684,599,0,213,28,99	3	0120	-- Pi
---	659,610,15,138,-62,99	3	0121	-- Theta
---	495,599,0,200,25,99	3	0122	-- Rho
---	527,599,0,186,45,99	3	0123	-- Sigma
---	544,599,0,229,-109,99	3	0124	-- Tau
---	614,599,0,240,-125,99	3	0125	-- Upsilon
ts	391,445,208,151,-28,99	3	0126	-- sigma1
---	684,612,0,126,20,99	3	0127	-- Omega
---	574,598,0,176,14,99	3	0130	-- Xi
---	708,608,0,227,-138,99	3	0131	-- Psi
---	544,599,0,231,11,99	3	0132	-- Zeta
---	296,599,138,207,16,99	3	0133	-- bracketleft
---	768,426,0,0,-110	3	0134	-- therefore
---	296,599,138,159,64,99	3	0135	-- bracketright
---	586,600,0,60,37,60	3	0136	-- perpendicular
---	445,0,224,0,122	3	0137	-- underscore
---	445,816,0,829,-622,99	3	0140	-- radicalex
*a	562,445,15,146,-34,99	3	0141	-- alpha
*b	489,659,198,139,57,99	3	0142	-- beta
*x	489,445,206,134,98,99	3	0143	-- chi
*d	440,658,16,181,-33,99	3	0144	-- delta
*e	391,447,17,127,1,99	3	0145	-- epsilon
*f	464,596,200,103,-28,99	3	0146	-- phi
*g	366,444,200,252,-42,99	3	0147	-- gamma
*y	537,457,180,68,-50,68	3	0150	-- eta
*i	293,448,16,53,-47,53	3	0151	-- iota
+f	537,444,199,117,-42,99	3	0152	-- phi1
*k	489,447,0,182,-56,99	3	0153	-- kappa
*l	489,658,16,91,29,91	3	0154	-- lambda
*m	513,445,198,70,68,70	3	0155	-- mu
*n	464,451,15,134,-69,99	3	0156	-- nu
*o	489,444,17,87,-36,87	3	0157	-- omicron
*p	489,433,18,160,-8,99	3	0160	-- pi
*h	464,614,16,140,-53,99	3	0161	-- theta
*r	489,444,205,82,69,82	3	0162	-- rho
*s	537,445,19,175,-37,99	3	0163	-- sigma
*t	391,445,16,170,-45,99	3	0164	-- tau
*u	513,451,15,95,-55,95	3	0165	-- upsilon
+p	635,519,15,173,-28,99	3	0166	-- omega1
*w	611,445,16,126,-35,99	3	0167	-- omega
*c	439,681,200,126,-20,99	3	0170	-- xi
*q	611,445,203,198,-91,99	3	0171	-- psi
*z	440,673,200,190,-50,99	3	0172	-- zeta
---	427,599,163,163,-66,99	3	0173	-- braceleft
---	178,599,158,179,41,99	3	0174	-- bar
---	427,599,163,67,31,67	3	0175	-- braceright
---	489,273,0,110,-28,99	3	0176	-- similar
---	552,609,0,208,-84,99	3	0241	-- Upsilon1
---	220,654,0,223,-106,99	3	0242	-- minute
---	489,569,0,206,24,99	3	0243	-- lessequal
---	149,603,11,391,214,99	3	0244	-- fraction
---	635,360,0,107,-41,99	3	0245	-- infinity
---	445,612,172,219,86,99	3	0246	-- florin
---	670,474,23,25,-69,25	3	0247	-- club
---	670,490,32,0,-148	3	0250	-- diamond
---	670,473,29,59,-155,59	3	0251	-- heart
---	670,488,32,0,-82	3	0252	-- spade
---	927,455,13,103,-40,99	3	0253	-- arrowboth
---	878,455,13,87,-47,87	3	0254	-- arrowleft
---	537,810,0,204,-173,99	3	0255	-- arrowup
---	878,455,13,94,-55,94	3	0256	-- arrowright
---	537,790,20,85,-54,85	3	0257	-- arrowdown
---	356,609,0,160,-137,99	3	0260	-- degree
---	489,574,0,154,41,99	3	0261	-- plusminus
---	366,656,0,244,-100,99	3	0262	-- second
---	489,569,0,143,24,99	3	0263	-- greaterequal
---	489,466,0,170,22,99	3	0264	-- multiply
---	635,360,0,82,-40,82	3	0265	-- proportional
---	440,664,18,152,-12,99	3	0266	-- partialdiff
---	409,421,0,95,-68,95	3	0267	-- bullet
---	489,406,0,119,-24,99	3	0270	-- divide
---	489,489,22,148,-1,99	3	0271	-- notequal
---	489,394,0,163,15,99	3	0272	-- equivalence
---	489,351,0,133,-7,99	3	0273	-- approxequal
---	890,85,15,0,-57	3	0274	-- ellipsis
---	537,899,107,92,-166,92	3	0275	-- arrowvertex
---	890,246,0,171,42,99	3	0276	-- arrowhorizex
---	586,560,14,174,10,99	3	0277	-- carriagereturn
---	732,586,16,58,-109,58	3	0300	-- aleph
---	611,659,47,123,24,99	3	0301	-- Ifraktur
---	708,653,13,175,-21,99	3	0302	-- Rfraktur
---	878,510,188,50,-62,50	3	0303	-- weierstrass
---	684,599,15,124,-64,99	3	0304	-- circlemultiply
---	684,601,13,125,-65,99	3	0305	-- circleplus
---	732,640,21,202,12,99	3	0306	-- emptyset
---	684,453,0,80,14,80	3	0307	-- intersection
---	684,438,15,154,-60,99	3	0310	-- union
---	635,418,0,90,32,90	3	0311	-- propersuperset
---	635,418,111,89,67,89	3	0312	-- reflexsuperset
---	635,481,62,159,-37,99	3	0313	-- notsubset
---	635,418,0,159,-37,99	3	0314	-- propersubset
---	635,418,111,159,34,99	3	0315	-- reflexsubset
---	635,417,0,0,-43	3	0316	-- element
---	635,494,52,0,-24	3	0317	-- notelement
---	684,599,0,199,27,99	3	0320	-- angle
---	635,639,17,220,-181,99	3	0321	-- gradient
---	703,596,18,110,-70,99	3	0322	-- registerserif
---	703,601,13,113,-72,99	3	0323	-- copyrightserif
---	792,599,0,205,-119,99	3	0324	-- trademarkserif
---	732,668,90,238,56,99	3	0325	-- product
---	489,816,34,272,-84,99	3	0326	-- radical
---	223,276,0,52,-81,52	3	0327	-- dotmath
---	635,256,0,100,-28,99	3	0330	-- logicalnot
---	537,404,0,32,29,32	3	0331	-- logicaland
---	537,424,0,152,-101,99	3	0332	-- logicalor
---	927,454,18,101,-42,99	3	0333	-- arrowdblboth
---	878,457,13,114,-46,99	3	0334	-- arrowdblleft
---	537,811,0,201,-102,99	3	0335	-- arrowdblup
---	878,452,18,89,-21,89	3	0336	-- arrowdblright
---	537,792,17,152,-53,99	3	0337	-- arrowdbldown
---	440,663,0,129,-71,99	3	0340	-- lozenge
---	293,664,176,229,-48,99	3	0341	-- angleleft
---	703,596,18,110,-70,99	3	0342	-- registersans
---	703,601,13,111,-70,99	3	0343	-- copyrightsans
---	700,599,0,182,-129,99	3	0344	-- trademarksans
---	635,669,96,171,65,99	3	0345	-- summation
---	342,824,261,350,96,99	3	0346	-- parenlefttp
---	342,823,76,46,38,46	3	0347	-- parenleftex
---	342,824,261,47,-63,47	3	0350	-- parenleftbt
---	342,824,71,268,72,99	3	0351	-- bracketlefttp
---	342,823,70,13,72,13	3	0352	-- bracketleftex
---	342,824,71,14,72,14	3	0353	-- bracketleftbt
---	440,824,67,258,-108,99	3	0354	-- bracelefttp
---	440,832,76,96,-76,96	3	0355	-- braceleftmid
---	440,824,62,94,-169,94	3	0356	-- braceleftbt
---	440,832,71,96,-107,96	3	0357	-- braceex
---	293,664,176,102,79,99	3	0361	-- angleright
---	244,815,95,305,63,99	3	0362	-- integral
---	611,820,74,312,-222,99	3	0363	-- integraltp
---	611,868,78,79,-221,79	3	0364	-- integralex
---	611,820,72,64,20,64	3	0365	-- integralbt
---	342,824,261,206,-223,99	3	0366	-- parenrighttp
---	342,823,76,365,-281,99	3	0367	-- parenrightex
---	342,824,261,365,80,99	3	0370	-- parenrightbt
---	342,824,71,285,-199,99	3	0371	-- bracketrighttp
---	342,823,70,285,-200,99	3	0372	-- bracketrightex
---	342,824,71,285,54,99	3	0373	-- bracketrightbt
---	440,824,67,35,-108,35	3	0374	-- bracerighttp
---	440,832,76,127,-105,99	3	0375	-- bracerightmid
---	440,824,62,94,54,94	3	0376	-- bracerightbt
