name NB
spacewidth 4
charset
---	12,11	0	00
---	4,1	0	040
!	4,11	0	041
"	5,11	0	042
dq	"
#	8,10	0	043
sh	"
$	8,12,1	0	044
Do	"
%	13,11	0	045
&	13,11	0	046
'	3,11	0	047
cq	"
(	5,11,2	0	050
)	5,11,2	0	051
*	6,11	0	052
+	8,8	0	053
,	4,3,2	0	054
\-	5,5	0	055
.	4,3	0	056
/	5,11	0	057
sl	"
0	8,11	0	060
1	8,11	0	061
2	8,11	0	062
3	8,11	0	063
4	8,11	0	064
5	8,11	0	065
6	8,11	0	066
7	8,11	0	067
8	8,11	0	070
9	8,11	0	071
:	4,7	0	072
;	4,7,2	0	073
<	8,8	0	074
=	8,6	0	075
>	8,8	0	076
?	7,11	0	077
@	14,11	0	0100
at	"
A	11,11	0	0101
B	10,11	0	0102
C	11,11	0	0103
D	12,11	0	0104
E	10,11	0	0105
F	10,11	0	0106
G	12,11	0	0107
H	12,11	0	0110
I	7,11	0	0111
J	9,11	0	0112
K	12,11	0	0113
L	10,11	0	0114
M	14,11	0	0115
N	12,11	0	0116
O	12,11	0	0117
P	10,11	0	0120
Q	12,11,3	0	0121
R	12,11	0	0122
S	10,11	0	0123
T	11,11	0	0124
U	12,11	0	0125
V	11,11	0	0126
W	14,11	0	0127
X	12,11	0	0130
Y	11,11	0	0131
Z	9,11	0	0132
[	5,11,2	0	0133
lB	"
\	7,11	0	0134
rs	"
]	5,11,2	0	0135
rB	"
^	8,11	0	0136
a^	"
ha	"
_	7,0,2	0	0137
`	6,11	0	0140
oq	"
a	9,7	0	0141
b	10,11	0	0142
c	8,7	0	0143
d	10,11	0	0144
e	9,7	0	0145
f	6,11	0	0146
g	8,8,3	0	0147
h	10,11	0	0150
i	5,10	0	0151
j	5,10,3	0	0152
k	9,11	0	0153
l	5,11	0	0154
m	15,7	0	0155
n	10,7	0	0156
o	9,7	0	0157
p	10,7,3	0	0160
q	9,7,3	0	0161
r	7,7	0	0162
s	7,7	0	0163
t	6,10	0	0164
u	10,7	0	0165
v	7,7	0	0166
w	12,7	0	0167
x	9,7	0	0170
y	7,7,3	0	0171
z	7,7	0	0172
{	6,11,2	0	0173
lC	"
|	8,11	0	0174
ba	"
}	6,11,2	0	0175
rC	"
~	8,6	0	0176
a~	"
ti	"
---	4,1	0	0240
r!	5,8,3	0	0241
ct	8,8,1	0	0242
Po	9,11	0	0243
Cs	9,10	0	0244
Ye	11,11	0	0245
bb	8,11	0	0246
sc	7,11,2	0	0247
ad	7,10	0	0250
co	12,11	0	0251
Of	6,11	0	0252
Fo	8,6	0	0253
tno	8,6	0	0254
-	5,5	0	0255
hy	"
rg	12,11	0	0256
a-	7,9	0	0257
de	6,11	0	0260
t+-	8,8	0	0261
S2	5,11	0	0262
S3	5,11	0	0263
aa	6,11	0	0264
mc	10,7,3	0	0265
ps	10,11	0	0266
pc	5,6	0	0267
ac	5,0,3	0	0270
S1	5,11	0	0271
Om	6,11	0	0272
Fc	8,6	0	0273
14	12,11	0	0274
12	12,11	0	0275
34	12,11	0	0276
r?	7,8,3	0	0277
`A	11,15	0	0300
'A	11,15	0	0301
^A	11,15	0	0302
~A	11,14	0	0303
:A	11,14	0	0304
oA	11,15	0	0305
AE	15,11	0	0306
,C	11,11,3	0	0307
`E	10,15	0	0310
'E	10,15	0	0311
^E	10,15	0	0312
:E	10,14	0	0313
`I	7,15	0	0314
'I	7,15	0	0315
^I	7,15	0	0316
:I	7,14	0	0317
-D	12,11	0	0320
~N	12,14	0	0321
`O	12,15	0	0322
'O	12,15	0	0323
^O	12,15	0	0324
~O	12,14	0	0325
:O	12,14	0	0326
tmu	8,8	0	0327
/O	12,11	0	0330
`U	12,15	0	0331
'U	12,15	0	0332
^U	12,15	0	0333
:U	12,14	0	0334
'Y	11,15	0	0335
TP	10,11	0	0336
ss	9,11	0	0337
`a	9,11	0	0340
'a	9,11	0	0341
^a	9,11	0	0342
~a	9,10	0	0343
:a	9,10	0	0344
oa	9,11	0	0345
ae	14,7	0	0346
,c	8,7,3	0	0347
`e	9,11	0	0350
'e	9,11	0	0351
^e	9,11	0	0352
:e	9,10	0	0353
`i	5,11	0	0354
'i	5,11	0	0355
^i	5,11	0	0356
:i	5,10	0	0357
Sd	9,11	0	0360
~n	10,10	0	0361
`o	9,11	0	0362
'o	9,11	0	0363
^o	9,11	0	0364
~o	9,10	0	0365
:o	9,10	0	0366
tdi	8,8	0	0367
/o	9,8,1	0	0370
`u	10,11	0	0371
'u	10,11	0	0372
^u	10,11	0	0373
:u	10,10	0	0374
'y	7,11,3	0	0375
Tp	10,11,3	0	0376
:y	7,10,3	0	0377
