name CR
spacewidth 9
charset
---	9,9	0	00
---	9,1	0	040
!	9,9	0	041
"	9,10	0	042
dq	"
#	9,9,1	0	043
sh	"
$	9,11,2	0	044
Do	"
%	9,10	0	045
&	9,8	0	046
'	9,9	0	047
cq	"
(	9,10,2	0	050
)	9,10,2	0	051
*	9,9	0	052
+	9,8	0	053
,	9,2,2	0	054
\-	9,5	0	055
.	9,2	0	056
/	9,10,1	0	057
sl	"
0	9,10	0	060
1	9,10	0	061
2	9,10	0	062
3	9,10	0	063
4	9,10	0	064
5	9,10	0	065
6	9,10	0	066
7	9,10	0	067
8	9,10	0	070
9	9,10	0	071
:	9,7	0	072
;	9,7,2	0	073
<	9,8	0	074
=	9,6	0	075
eq	"
>	9,8	0	076
?	9,9	0	077
@	9,9,1	0	0100
at	"
A	9,9	0	0101
B	9,9	0	0102
C	9,9	0	0103
D	9,9	0	0104
E	9,9	0	0105
F	9,9	0	0106
G	9,9	0	0107
H	9,9	0	0110
I	9,9	0	0111
J	9,9	0	0112
K	9,9	0	0113
L	9,9	0	0114
M	9,9	0	0115
N	9,9	0	0116
O	9,9	0	0117
P	9,9	0	0120
Q	9,9,2	0	0121
R	9,9	0	0122
S	9,9	0	0123
T	9,9	0	0124
U	9,9	0	0125
V	9,9	0	0126
W	9,9	0	0127
X	9,9	0	0130
Y	9,9	0	0131
Z	9,9	0	0132
[	9,10,2	0	0133
lB	"
\	9,10,1	0	0134
rs	"
]	9,10,2	0	0135
rB	"
^	9,9	0	0136
a^	"
ha	"
_	9,0,3	0	0137
`	9,10	0	0140
oq	"
a	9,7	0	0141
b	9,10	0	0142
c	9,7	0	0143
d	9,10	0	0144
e	9,7	0	0145
f	9,10	0	0146
g	9,7,3	0	0147
h	9,10	0	0150
i	9,10	0	0151
j	9,10,3	0	0152
k	9,10	0	0153
l	9,10	0	0154
m	9,7	0	0155
n	9,7	0	0156
o	9,7	0	0157
p	9,7,3	0	0160
q	9,7,3	0	0161
r	9,7	0	0162
s	9,7	0	0163
t	9,9	0	0164
u	9,7	0	0165
v	9,7	0	0166
w	9,7	0	0167
x	9,7	0	0170
y	9,7,3	0	0171
z	9,7	0	0172
{	9,10,2	0	0173
lC	"
|	9,9,2	0	0174
or	"
ba	"
}	9,10,2	0	0175
rC	"
~	9,5	0	0176
a~	"
ap	"
ti	"
---	9,1	0	0240
r!	9,7,2	0	0241
ct	9,9	0	0242
Po	9,9	0	0243
Cs	9,7	0	0244
Ye	9,9	0	0245
bb	9,9,2	0	0246
sc	9,9,1	0	0247
ad	9,9	0	0250
co	9,9	0	0251
Of	9,9	0	0252
Fo	9,7	0	0253
no	9,6	0	0254
-	9,5	0	0255
hy	"
rg	9,9	0	0256
a-	9,9	0	0257
de	9,10	0	0260
t+-	9,8	0	0261
S2	9,10	0	0262
S3	9,10	0	0263
aa	9,10	0	0264
mc	9,7,3	0	0265
ps	9,9,1	0	0266
pc	9,5	0	0267
ac	9,0,3	0	0270
S1	9,10	0	0271
Om	9,9	0	0272
Fc	9,7	0	0273
14	9,10	0	0274
12	9,10	0	0275
34	9,10	0	0276
r?	9,7,2	0	0277
`A	9,12	0	0300
'A	9,12	0	0301
^A	9,12	0	0302
~A	9,12	0	0303
:A	9,11	0	0304
oA	9,12	0	0305
AE	9,9	0	0306
,C	9,9,3	0	0307
`E	9,12	0	0310
'E	9,12	0	0311
^E	9,12	0	0312
:E	9,11	0	0313
`I	9,12	0	0314
'I	9,12	0	0315
^I	9,12	0	0316
:I	9,11	0	0317
-D	9,9	0	0320
~N	9,12	0	0321
`O	9,12	0	0322
'O	9,12	0	0323
^O	9,12	0	0324
~O	9,12	0	0325
:O	9,11	0	0326
tmu	9,8	0	0327
/O	9,9	0	0330
`U	9,12	0	0331
'U	9,12	0	0332
^U	9,12	0	0333
:U	9,11	0	0334
'Y	9,12	0	0335
TP	9,9	0	0336
ss	9,9	0	0337
`a	9,10	0	0340
'a	9,10	0	0341
^a	9,10	0	0342
~a	9,10	0	0343
:a	9,9	0	0344
oa	9,10	0	0345
ae	9,7	0	0346
,c	9,7,3	0	0347
`e	9,10	0	0350
'e	9,10	0	0351
^e	9,10	0	0352
:e	9,9	0	0353
`i	9,10	0	0354
'i	9,10	0	0355
^i	9,10	0	0356
:i	9,9	0	0357
Sd	9,12	0	0360
~n	9,10	0	0361
`o	9,10	0	0362
'o	9,10	0	0363
^o	9,10	0	0364
~o	9,10	0	0365
:o	9,9	0	0366
tdi	9,8	0	0367
/o	9,7	0	0370
`u	9,10	0	0371
'u	9,10	0	0372
^u	9,10	0	0373
:u	9,9	0	0374
'y	9,10,3	0	0375
Tp	9,9,3	0	0376
:y	9,9,3	0	0377
