name CI
spacewidth 15873
slant 11.300000
pcltypeface 4099
pclproportional 0
pclweight 0
pclstyle 1
charset
!	15873,15060,330,0,-5232	0	3617
dq	15873,15060,0,0,-4632	0	3618
"	"
sh	15873,16827,2046,1710,-1473,610	2	3619
#	"
Do	15873,17259,3642,954,-1644,610	2	3620
$	"
%	15873,16380,330,1140,-2169,610	2	3621
&	15873,14169,330,1563,-1911,610	0	3622
cq	15873,15060,0,0,-5217	0	51751
'	"
(	15873,17070,2580,1185,-7563,610	2	3624
)	15873,17070,2580,0,-2013	2	3625
*	15873,15060,0,174,-3273,174	0	3626
+	15873,11385,0,252,-2151,252	0	3627
,	15873,3195,3420,0,-3000	0	3628
hy	15873,6570,0,0,-3741	0	3629
-	"
.	15873,3105,330,0,-5040	0	3630
sl	15873,18465,3765,2349,-699,610	2	3631
/	"
0	15873,15390,330,399,-2832,399	0	3632
1	15873,15060,0,0,-1494	0	3633
2	15873,15390,0,423,-786,423	0	3634
3	15873,15390,330,0,-1113	0	3635
4	15873,15060,0,0,-1548	0	3636
5	15873,15060,330,882,-1170,610	0	3637
6	15873,15390,330,1530,-2436,610	0	3638
7	15873,15060,0,954,-2829,610	0	3639
8	15873,15390,330,624,-2226,610	0	3640
9	15873,15390,330,684,-1659,610	0	3641
:	15873,9975,330,0,-5043	0	3642
;	15873,9975,3420,0,-3177	0	3643
<	15873,10647,3,0,-1155	0	3644
=	15873,8451,0,252,-2151,252	0	3645
>	15873,10647,3,0,-1959	0	3646
?	15873,15390,330,483,-4173,483	0	3647
at	15873,14391,363,2031,-1359,610	0	3648
@	"
A	15873,15060,0,1470,1092,610	0	3649
B	15873,15060,0,1383,171,610	0	3650
C	15873,15390,330,2835,-1689,610	0	3651
D	15873,15060,0,2061,537,610	0	3652
E	15873,15060,0,2724,-153,610	0	3653
F	15873,15060,0,3120,-471,610	0	3654
G	15873,15390,330,2259,-957,610	0	3655
H	15873,15060,0,3483,285,610	0	3656
I	15873,15060,0,1764,-1188,610	0	3657
J	15873,15060,330,3729,-369,610	0	3658
K	15873,15060,0,3453,-210,610	0	3659
L	15873,15060,0,1512,-135,610	0	3660
M	15873,15060,0,4218,1107,610	0	3661
N	15873,15060,0,4182,738,610	0	3662
O	15873,15390,330,2058,-1137,610	0	3663
P	15873,15060,0,2262,-786,610	0	3664
Q	15873,15390,3357,2037,-1074,610	0	3665
R	15873,15060,0,1248,234,610	0	3666
S	15873,15390,330,1893,-804,610	0	3667
T	15873,15060,0,3183,-1968,610	0	3668
U	15873,15060,330,4095,-2097,610	0	3669
V	15873,15060,0,4191,-1725,610	0	3670
W	15873,15060,0,4260,-1671,610	0	3671
X	15873,15060,0,3177,522,610	0	3672
Y	15873,15060,0,3672,-2262,610	0	3673
Z	15873,15060,0,1707,-807,610	0	3674
lB	15873,17070,2580,1815,-6345,610	2	3675
[	"
rs	15873,18465,3765,0,-4674	2	3676
\	"
rB	15873,17070,2580,0,-1221	2	3677
]	"
ha	15873,19758,0,0,-1314	2	51875
_	15873,0,6588,1317,1317,610	1	3679
oq	15873,15060,0,0,-6267	0	51808
`	"
a	15873,11775,330,531,-696,531	0	3681
b	15873,16500,330,1602,723,610	2	3682
c	15873,11775,330,1542,-1617,610	0	3683
d	15873,16500,330,2148,-1143,610	2	3684
e	15873,11775,330,1269,-1611,610	0	3685
f	15873,16500,0,2262,-1173,610	2	3686
g	15873,11775,5145,2622,-96,610	1	3687
h	15873,16500,0,1179,387,610	2	3688
i	15873,17235,0,0,-1260	2	3689
j	15873,17235,5145,0,81	3	3690
k	15873,16500,0,1857,24,610	2	3691
l	15873,16500,0,0,-1131	2	3692
m	15873,11775,0,1746,1188,610	0	3693
n	15873,11775,0,960,585,610	0	3694
o	15873,11775,330,1443,-1140,610	0	3695
p	15873,11775,5145,1500,1920,610	1	3696
q	15873,11775,5145,3354,-984,610	1	3697
r	15873,11775,0,2475,-597,610	0	3698
s	15873,11775,330,915,-1356,610	0	3699
t	15873,14760,330,738,-3216,610	0	3700
u	15873,11445,330,726,-1404,610	0	3701
v	15873,11445,0,3342,-1224,610	0	3702
w	15873,11445,0,3735,-831,610	0	3703
x	15873,11445,0,2502,648,610	0	3704
y	15873,11445,5145,3123,903,610	1	3705
z	15873,11445,0,1101,-1368,610	0	3706
lC	15873,20130,6075,2940,-5529,610	3	3707
{	"
ba	15873,19758,6588,0,-5946	3	3708
|	"
rC	15873,20130,6075,0,-1059	3	3709
}	"
ti	15873,7233,0,0,-1089	0	51876
`A	15873,21255,0,1470,1092,610	2	3776
^A	15873,21255,0,1707,1092,610	2	3778
`E	15873,21255,0,2724,-153,610	2	3784
^E	15873,21255,0,2724,-153,610	2	3786
:E	15873,20670,0,2724,-153,610	2	3787
^I	15873,21255,0,2157,-1188,610	2	3790
:I	15873,20670,0,1764,-1188,610	2	3791
aa	15873,17640,0,1401,-6675,610	2	3764
ga	15873,17640,0,0,-4491	2	3680
a^	15873,17640,0,1257,-4491,610	2	3678
^	"
ad	15873,16905,0,0,-6489	2	3752
a~	15873,16818,0,1788,-4146,610	2	3710
~	"
`U	15873,21255,330,4095,-2097,610	2	3801
^U	15873,21255,330,4095,-2097,610	2	3803
'Y	15873,21255,0,3672,-2262,610	2	3805
'y	15873,17640,5145,3123,903,610	3	3837
de	15873,15390,0,0,-4464	0	3760
,C	15873,15390,4815,2835,-1689,610	1	3783
,c	15873,11775,4815,1542,-1617,610	1	3815
~N	15873,20580,0,4182,738,610	2	3793
~n	15873,16818,0,1788,585,610	2	3825
r!	15873,11946,3444,0,-5715	0	3745
r?	15873,11946,3774,0,-2577	0	3775
Cs	15873,15684,0,1560,-2253,610	2	3748
Po	15873,15390,474,1797,-2232,610	0	3747
Ye	15873,15060,0,3741,-2178,610	0	3749
sc	15873,15390,1905,0,-3360	0	3751
Fn	15873,15090,4350,1704,-774,610	0	51871
ct	15873,16083,1536,900,-3015,610	2	3746
^a	15873,17640,330,1257,-696,610	2	3810
^e	15873,17640,330,1269,-1611,610	2	3818
^o	15873,17640,330,1443,-1140,610	2	3828
^u	15873,17640,330,1257,-1404,610	2	3835
'a	15873,17640,330,1401,-696,610	2	3809
'e	15873,17640,330,1401,-1611,610	2	3817
'o	15873,17640,330,1443,-1140,610	2	3827
'u	15873,17640,330,1401,-1404,610	2	3834
`a	15873,17640,330,531,-696,531	2	3808
`e	15873,17640,330,1269,-1611,610	2	3816
`o	15873,17640,330,1443,-1140,610	2	3826
`u	15873,17640,330,726,-1404,610	2	3833
:a	15873,16905,330,531,-696,531	2	3812
:e	15873,16905,330,1269,-1611,610	2	3819
:o	15873,16905,330,1443,-1140,610	2	3830
:u	15873,16905,330,726,-1404,610	2	3836
oA	15873,21690,0,1470,1092,610	2	3781
^i	15873,17640,0,1257,-1260,610	2	3822
/O	15873,15390,453,2697,-333,610	0	3800
AE	15873,15060,0,2871,855,610	0	3782
oa	15873,17997,330,531,-696,531	2	3813
'i	15873,17640,0,1401,-1260,610	2	3821
/o	15873,11793,330,2241,-291,610	0	3832
ae	15873,11775,330,2148,-189,610	0	3814
:A	15873,20670,0,1470,1092,610	2	3780
`i	15873,17640,0,0,-1260	2	3820
:O	15873,20670,330,2058,-1137,610	2	3798
:U	15873,20670,330,4095,-2097,610	2	3804
'E	15873,21255,0,2724,-153,610	2	3785
:i	15873,16905,0,0,-1260	2	3823
ss	15873,16500,330,1746,-66,610	2	3807
^O	15873,21255,330,2157,-1137,610	2	3796
'A	15873,21255,0,2217,1092,610	2	3777
~A	15873,20580,0,2445,1092,610	2	3779
~a	15873,16818,330,1788,-696,610	2	3811
-D	15873,15060,0,2061,537,610	0	3792
Sd	15873,18297,330,1614,-1143,610	2	3824
'I	15873,21255,0,2217,-1188,610	2	3789
`I	15873,21255,0,1764,-1188,610	2	3788
'O	15873,21255,330,2217,-1137,610	2	3795
`O	15873,21255,330,2058,-1137,610	2	3794
~O	15873,20580,330,2895,-1137,610	2	3797
~o	15873,16818,330,1788,-1140,610	2	3829
vS	15873,21255,330,2157,-804,610	2	51795
vs	15873,17640,330,1257,-1356,610	2	51827
'U	15873,21255,330,4095,-2097,610	2	3802
:Y	15873,20670,0,3672,-2262,610	2	51801
:y	15873,16905,5145,3123,903,610	3	3839
TP	15873,15060,0,2421,-756,610	0	3806
Tp	15873,16500,5145,1380,2037,610	3	3838
mc	15873,11445,5595,0,-321	1	3765
ps	15873,19635,4080,150,-2508,150	2	3766
34	15873,15498,2655,4026,15,610	0	3774
\-	15873,6435,0,252,-2151,252	0	51757
14	15873,15498,2655,4626,-30,610	0	3772
12	15873,15498,2655,3426,615,610	0	3773
Of	15873,15390,0,0,-5310	0	3754
Om	15873,15390,0,0,-5274	0	3770
Fo	15873,11010,0,1230,-2184,610	0	3755
Fc	15873,11010,0,330,-1284,330	0	3771
t+-	15873,11385,2835,252,-2151,252	0	3761
bb	15873,19083,5916,0,-5946	3	3750
co	15873,19635,0,2121,-3030,610	2	3753
tno	15873,8865,0,252,-2151,252	0	3756
rg	15873,19635,0,1839,-2748,610	2	3758
S2	15873,15240,0,0,-4467	0	3762
S3	15873,15240,0,0,-4548	0	3763
ac	15873,0,4815,0,-4626	1	3768
S1	15873,15060,0,0,-4830	0	3769
tmu	15873,11340,0,252,-2151,252	0	3799
tdi	15873,10530,0,306,-2205,306	0	3831
pc	15873,9657,0,0,-6252	0	3767
fm	15873,15060,0,0,-7596	0	51873
sd	15873,15060,0,0,-5274	0	51874
dg	15873,15060,1290,0,-4491	0	51755
tm	15873,17850,0,1896,-2205,610	2	51796
ah	15873,17640,0,1257,-4491,610	2	51935
ao	15873,17997,0,0,-7365	2	51930
f/	15873,15498,2655,3126,915,610	0	51759
em	15873,6570,0,3141,264,610	0	51789
en	15873,6570,0,606,-2142,606	0	51790
dd	15873,15060,1290,0,-4491	0	51773
.i	15873,11445,0,0,-1260	0	51957
aq	15873,15060,0,0,-6936	0	3623
bu	15873,12714,0,0,-1848	0	51889
'C	15873,21255,330,2835,-1689,610	2	20166
'c	15873,17640,330,1542,-1617,610	2	20198
lq	15873,15060,0,861,-3495,610	0	51838
rq	15873,15060,0,1011,-3645,610	0	51746
Bq	15873,3495,3120,0,-1491	0	51772
vz	15873,17640,0,1257,-1368,610	2	51834
fi	15873,17235,0,1983,1185,610	2	51881
fl	15873,16500,0,1806,1185,610	2	51882
ff	15873,16500,0,5799,1212,610	2	51883
Fi	15873,16500,0,3705,846,610	2	51884
Fl	15873,16500,0,2208,852,610	2	51885
ij	15873,17235,5145,2958,1278,610	3	51958
bq	15873,3495,3120,0,-3498	0	51756
%0	15873,16380,330,2361,-471,610	2	51901
a-	15873,15666,0,1914,-3453,610	2	3759
ab	15873,16395,0,2325,-5001,610	2	51926
a.	15873,16905,0,0,-8292	2	51927
oe	15873,11775,330,2334,30,610	0	51823
OE	15873,15060,0,2799,-390,610	0	51791
fo	15873,10365,0,0,-4143	0	51886
fc	15873,10365,0,0,-3543	0	51887
sq	15873,14106,0,0,-444	0	51899
/L	15873,15060,0,1515,-135,610	0	51944
/l	15873,16500,0,0,-1185	2	51960
a"	15873,18420,0,2355,-6834,610	2	51933
ho	15873,0,4263,0,-7344	0	51934
vZ	15873,21255,0,2157,-807,610	2	51802
IJ	15873,15060,2904,3021,-207,610	0	51942
