name CLARENDON
spacewidth 5856
pcltypeface 4140
pclproportional 1
pclweight 3
pclstyle 4
ligatures fi fl ff ffi ffl 0
charset
!	6342,18300	2	3617
dq	11709,18645	2	3618
"	"
sh	11709,18300	2	3619
#	"
Do	11709,18309,306	2	3620
$	"
%	17565,18645,345	2	3621
&	16587,18645,345	2	3622
cq	5856,18645	2	51751
'	"
(	5856,18300,6870	3	3624
)	5856,18300,6870	3	3625
*	11709,18645	2	3626
+	17565,16545	0	3627
,	5856,3945,3375	0	3628
hy	5856,8295	0	3629
-	"
.	5856,3945	0	3630
sl	5856,18645,345	2	3631
/	"
0	11709,18645,345	2	3632
1	11709,18300	2	3633
2	11709,18645,345	2	3634
3	11709,18645,345	2	3635
4	11709,18300	2	3636
5	11709,18300,345	2	3637
6	11709,18645,345	2	3638
7	11709,18300	2	3639
8	11709,18645,345	2	3640
9	11709,18645,345	2	3641
:	5856,13965	0	3642
;	5856,13965,3375	0	3643
<	26346,16068	0	3644
=	17565,12540	0	3645
>	26346,16068	0	3646
?	11709,18300	2	3647
at	26346,16950,4131	2	3648
@	"
A	13662,18300	2	3649
B	13662,18300	2	3650
C	12684,18645,345	2	3651
D	13662,18300	2	3652
E	13662,18285	2	3653
F	13173,18300	2	3654
G	13662,18645,345	2	3655
H	15126,18300	2	3656
I	7806,18300	2	3657
J	11220,18300,345	2	3658
K	14637,18300	2	3659
L	12198,18300	2	3660
M	18051,18300	2	3661
N	14637,18300	2	3662
O	13662,18645,345	2	3663
P	13173,18300	2	3664
Q	14148,18645,2553	2	3665
R	15126,18300,345	2	3666
S	12198,18645,345	2	3667
T	13662,18300	2	3668
U	13173,18300,345	2	3669
V	14148,18300	2	3670
W	19515,18300	2	3671
X	13662,18300	2	3672
Y	13173,18300	2	3673
Z	12198,18300	2	3674
lB	5856,18300,5085	3	3675
[	"
rs	5856,18645,345	2	3676
\	"
rB	5856,18300,5085	3	3677
]	"
ha	13173,19758	2	51875
_	13173,191367,6588	3	3679
oq	5856,18645	2	51808
`	"
a	13662,14250,345	0	3681
b	12684,18300,345	2	3682
c	11220,14250,345	0	3683
d	12684,18300,345	2	3684
e	11709,14250,345	0	3685
f	8781,18645	2	3686
g	13662,15165,4605	1	3687
h	13173,18300	2	3688
i	6831,18705	2	3689
j	8295,18705,4605	3	3690
k	13173,18300	2	3691
l	6831,18300	2	3692
m	19515,14250	0	3693
n	13173,14250	0	3694
o	12198,14250,345	0	3695
p	12684,14250,4290	1	3696
q	12684,14250,4290	1	3697
r	9759,14250	0	3698
s	11220,14250,345	0	3699
t	8295,17265,345	2	3700
u	13173,13905,345	0	3701
v	11709,13905	0	3702
w	17565,13905	0	3703
x	12198,13905	0	3704
y	12198,13905,4605	1	3705
z	10245,13905	0	3706
lC	13173,19935,6210	3	3707
{	"
ba	13173,19758,6588	3	3708
|	"
rC	13173,19935,6210	3	3709
}	"
ti	26346,9435	0	51876
`A	13662,23355	2	3776
^A	13662,22755	2	3778
`E	13662,23355	2	3784
^E	13662,22755	2	3786
:E	13662,23325	2	3787
^I	7806,22755	2	3790
:I	7806,23325	2	3791
aa	11709,19305	2	3764
ga	11709,19305	2	3680
a^	11709,18180	2	3678
^	"
ad	11709,18750	2	3752
a~	11709,18654	2	3710
~	"
`U	13173,23355,345	2	3801
^U	13173,22755,345	2	3803
'Y	13173,23355	2	3805
'y	12198,19305,4605	3	3837
de	11709,18645	2	3760
,C	12684,18645,4725	3	3783
,c	11220,14250,4737	1	3815
~N	14637,23229	2	3793
~n	13173,18654	2	3825
r!	6342,13956,4344	1	3745
r?	11709,13956,4344	1	3775
Cs	17565,15834	0	3748
Po	11709,18645,345	2	3747
Ye	11709,18300	2	3749
sc	11709,19605,6420	3	3751
Fn	11709,18645	2	51871
ct	11709,16917	2	3746
^a	13662,18180,345	2	3810
^e	11709,18180,345	2	3818
^o	12198,18180,345	2	3828
^u	13173,18180,345	2	3835
'a	13662,19305,345	2	3809
'e	11709,19305,345	2	3817
'o	12198,19305,345	2	3827
'u	13173,19305,345	2	3834
`a	13662,19305,345	2	3808
`e	11709,19305,345	2	3816
`o	12198,19305,345	2	3826
`u	13173,19305,345	2	3833
:a	13662,18750,345	2	3812
:e	11709,18750,345	2	3819
:o	12198,18750,345	2	3830
:u	13173,18750,345	2	3836
oA	13662,25200	2	3781
^i	6831,18180	2	3822
/O	13662,18645,345	2	3800
AE	22932,18285	2	3782
oa	13662,21195,345	2	3813
'i	6831,19305	2	3821
/o	12198,14250,345	0	3832
ae	18051,14250,345	0	3814
:A	13662,23325	2	3780
`i	6831,19305	2	3820
:O	13662,23325,345	2	3798
:U	13173,23325,345	2	3804
'E	13662,23355	2	3785
:i	6831,18750	2	3823
ss	13173,18645	2	3807
^O	13662,22755,345	2	3796
'A	13662,23355	2	3777
~A	13662,23229	2	3779
~a	13662,18654,345	2	3811
-D	13662,18300	2	3792
Sd	12198,19083,345	2	3824
'I	7806,23355	2	3789
`I	7806,23355	2	3788
'O	13662,23355,345	2	3795
`O	13662,23355,345	2	3794
~O	13662,23229,345	2	3797
~o	12198,18654,345	2	3829
vS	12198,22755,345	2	51795
vs	11220,18180,345	2	51827
'U	13173,23355,345	2	3802
:Y	13173,23325	2	51801
:y	12198,18750,4605	3	3839
TP	13173,18300	2	3806
Tp	12684,18300,4290	3	3838
mc	14637,10800,5193	1	3765
ps	12198,19635,4200	3	3766
34	17565,18645,345	2	3774
\-	17565,10200	0	51757
14	17565,18645,345	2	3772
12	17565,18645,345	2	3773
Of	11709,18645	2	3754
Om	11709,18645	2	3770
Fo	12198,12195	0	3755
Fc	12198,12195	0	3771
t+-	17565,16500	0	3761
bb	13173,19083,5916	3	3750
co	13173,19725	2	3753
no	17565,13479	0	3756
rg	13173,19725	2	3758
S2	7806,18480	2	3762
S3	7806,18480	2	3763
ac	11709,108,4737	1	3768
S1	7806,18300	2	3769
tmu	17565,16782	0	3799
tdi	17565,15045	0	3831
pc	5856,11745	0	3767
fm	5856,18645	2	51873
sd	10245,18645	2	51874
dg	11709,18300,4575	3	51755
tm	16101,17550	2	51796
ah	11709,18180	2	51935
ao	11709,21195	2	51930
f/	3903,18645,345	2	51759
em	17565,8295	0	51789
en	11709,8295	0	51790
dd	11709,18300,4575	3	51773
.i	6831,13905	0	51957
aq	5856,18645	2	3623
bu	13173,14226	0	51889
'C	12684,23355,345	2	20166
'c	11220,19305,345	2	20198
lq	10734,18645	2	51838
rq	10734,18645	2	51746
Bq	10734,3615,3705	0	51772
vz	10245,18180	2	51834
fi	15612,18705	2	51881
fl	15612,18645	2	51882
ff	17076,18645	2	51883
Fi	24396,18705	2	51884
Fl	24396,18645	2	51885
ij	14637,18705,4605	3	51958
bq	5856,3615,3705	0	51756
%0	23418,18645,345	2	51901
a-	11709,16920	2	3759
ab	11709,19080	2	51926
a.	11709,18750	2	51927
oe	18051,14250,345	0	51823
OE	20979,18645,345	2	51791
fo	7806,12195	0	51886
fc	7806,12195	0	51887
sq	19029,15624	0	51899
/L	12198,18300	2	51944
/l	6831,18300	2	51960
a"	11709,19305	2	51933
ho	11709,1062,4353	1	51934
vZ	12198,22755	2	51802
IJ	19029,18300,345	2	51942
