name CR
spacewidth 15873
pcltypeface 4099
pclproportional 0
pclweight 0
pclstyle 0
charset
!	15873,15060,330	0	3617
dq	15873,15060	0	3618
"	"
sh	15873,16827,2040	2	3619
#	"
Do	15873,17247,3642	2	3620
$	"
%	15873,16380,330	2	3621
&	15873,14187,330	0	3622
cq	15873,15060	0	51751
'	"
(	15873,17070,2580	2	3624
)	15873,17070,2580	2	3625
*	15873,15060	0	3626
+	15873,11385	0	3627
,	15873,3195,3420	0	3628
hy	15873,7275	0	3629
-	"
.	15873,2805,330	0	3630
sl	15873,18465,3765	2	3631
/	"
0	15873,15390,330	0	3632
1	15873,15060	0	3633
2	15873,15390	0	3634
3	15873,15390,330	0	3635
4	15873,15060	0	3636
5	15873,15060,330	0	3637
6	15873,15390,330	0	3638
7	15873,15060	0	3639
8	15873,15390,330	0	3640
9	15873,15390,330	0	3641
:	15873,9705,393	0	3642
;	15873,9705,3420	0	3643
<	15873,10647,3	0	3644
=	15873,8451	0	3645
>	15873,10647,3	0	3646
?	15873,15390,330	0	3647
at	15873,14391,363	0	3648
@	"
A	15873,15060	0	3649
B	15873,15060	0	3650
C	15873,15390,330	0	3651
D	15873,15060	0	3652
E	15873,15060	0	3653
F	15873,15060	0	3654
G	15873,15390,330	0	3655
H	15873,15060	0	3656
I	15873,15060	0	3657
J	15873,15060,330	0	3658
K	15873,15060	0	3659
L	15873,15060	0	3660
M	15873,15060	0	3661
N	15873,15060	0	3662
O	15873,15390,330	0	3663
P	15873,15060	0	3664
Q	15873,15390,3360	0	3665
R	15873,15060	0	3666
S	15873,15390,330	0	3667
T	15873,15060	0	3668
U	15873,15060,330	0	3669
V	15873,15060	0	3670
W	15873,15060	0	3671
X	15873,15060	0	3672
Y	15873,15060	0	3673
Z	15873,15060	0	3674
lB	15873,17070,2580	2	3675
[	"
rs	15873,18465,3765	2	3676
\	"
rB	15873,17070,2580	2	3677
]	"
ha	15873,19758	2	51875
_	15873,191367,6588	3	3679
oq	15873,15060	0	51808
`	"
a	15873,11775,330	0	3681
b	15873,16500,330	2	3682
c	15873,11775,330	0	3683
d	15873,16500,330	2	3684
e	15873,11775,330	0	3685
f	15873,16500	2	3686
g	15873,11775,5145	1	3687
h	15873,16500	2	3688
i	15873,17235	2	3689
j	15873,17235,5145	3	3690
k	15873,16500	2	3691
l	15873,16500	2	3692
m	15873,11775	0	3693
n	15873,11775	0	3694
o	15873,11775,330	0	3695
p	15873,11775,5145	1	3696
q	15873,11775,5145	1	3697
r	15873,11775	0	3698
s	15873,11775,330	0	3699
t	15873,14826,330	0	3700
u	15873,11445,330	0	3701
v	15873,11445	0	3702
w	15873,11445	0	3703
x	15873,11445	0	3704
y	15873,11445,5145	1	3705
z	15873,11445	0	3706
lC	15873,20130,6075	3	3707
{	"
ba	15873,19758,6588	3	3708
|	"
rC	15873,20130,6075	3	3709
}	"
ti	15873,7233	0	51876
`A	15873,21180	2	3776
^A	15873,21180	2	3778
`E	15873,21180	2	3784
^E	15873,21180	2	3786
:E	15873,20670	2	3787
^I	15873,21180	2	3790
:I	15873,20670	2	3791
aa	15873,17565	2	3764
ga	15873,17565	2	3680
a^	15873,17565	2	3678
^	"
ad	15873,16905	2	3752
a~	15873,16830	2	3710
~	"
`U	15873,21180,330	2	3801
^U	15873,21180,330	2	3803
'Y	15873,21180	2	3805
'y	15873,17565,5145	3	3837
de	15873,15390	0	3760
,C	15873,15390,5175	1	3783
,c	15873,11775,4815	1	3815
~N	15873,20571	2	3793
~n	15873,16830	2	3825
r!	15873,11880,3510	0	3745
r?	15873,11898,3822	0	3775
Cs	15873,15684	2	3748
Po	15873,15390,330	0	3747
Ye	15873,15060	0	3749
sc	15873,15390,1905	0	3751
Fn	15873,15090,4350	0	51871
ct	15873,16179,1431	2	3746
^a	15873,17565,330	2	3810
^e	15873,17565,330	2	3818
^o	15873,17565,330	2	3828
^u	15873,17565,330	2	3835
'a	15873,17565,330	2	3809
'e	15873,17565,330	2	3817
'o	15873,17565,330	2	3827
'u	15873,17565,330	2	3834
`a	15873,17565,330	2	3808
`e	15873,17565,330	2	3816
`o	15873,17565,330	2	3826
`u	15873,17565,330	2	3833
:a	15873,16905,330	2	3812
:e	15873,16905,330	2	3819
:o	15873,16905,330	2	3830
:u	15873,16905,330	2	3836
oA	15873,21690	2	3781
^i	15873,17565	2	3822
/O	15873,15591,612	2	3800
AE	15873,15060	0	3782
oa	15873,17997,330	2	3813
'i	15873,17565	2	3821
/o	15873,11856,459	0	3832
ae	15873,11775,330	0	3814
:A	15873,20670	2	3780
`i	15873,17565	2	3820
:O	15873,20670,330	2	3798
:U	15873,20670,330	2	3804
'E	15873,21180	2	3785
:i	15873,16905	2	3823
ss	15873,16500,330	2	3807
^O	15873,21180,330	2	3796
'A	15873,21180	2	3777
~A	15873,20571	2	3779
~a	15873,16830,330	2	3811
-D	15873,15060	0	3792
Sd	15873,18015,330	2	3824
'I	15873,21180	2	3789
`I	15873,21180	2	3788
'O	15873,21180,330	2	3795
`O	15873,21180,330	2	3794
~O	15873,20571,330	2	3797
~o	15873,16830,330	2	3829
vS	15873,21180,330	2	51795
vs	15873,17565,330	2	51827
'U	15873,21180,330	2	3802
:Y	15873,20670	2	51801
:y	15873,16905,5145	3	3839
TP	15873,15060	0	3806
Tp	15873,16500,5145	3	3838
mc	15873,11445,5595	1	3765
ps	15873,19635,4080	2	3766
34	15873,15519,2673	2	3774
\-	15873,6435	0	51757
14	15873,15519,2673	2	3772
12	15873,15519,2673	2	3773
Of	15873,15390	0	3754
Om	15873,15390	0	3770
Fo	15873,11490	0	3755
Fc	15873,11490	0	3771
t+-	15873,11385,2835	0	3761
bb	15873,19083,5916	3	3750
co	15873,19635	2	3753
no	15873,8865	0	3756
rg	15873,19635	2	3758
S2	15873,15240	0	3762
S3	15873,15240	0	3763
ac	15873,0,4815	1	3768
S1	15873,15060	0	3769
tmu	15873,11340	0	3799
tdi	15873,10530	0	3831
pc	15873,8931	0	3767
fm	15873,15060	0	51873
sd	15873,15060	0	51874
dg	15873,15060,1290	0	51755
tm	15873,17850	2	51796
ah	15873,17565	2	51935
ao	15873,17997	2	51930
f/	15873,15519,2673	2	51759
em	15873,7275	0	51789
en	15873,7275	0	51790
dd	15873,15060,1290	0	51773
.i	15873,11445	0	51957
aq	15873,15060	0	3623
bu	15873,12714	0	51889
'C	15873,21180,330	2	20166
'c	15873,17565,330	2	20198
lq	15873,15060	0	51838
rq	15873,15060	0	51746
Bq	15873,3495,3120	0	51772
vz	15873,17565	2	51834
fi	15873,17235	2	51881
fl	15873,16500	2	51882
ff	15873,16500	2	51883
Fi	15873,16500	2	51884
Fl	15873,16500	2	51885
ij	15873,17235,5145	3	51958
bq	15873,3495,3120	0	51756
%0	15873,16380,330	2	51901
a-	15873,15726	2	3759
ab	15873,16725	2	51926
a.	15873,16905	2	51927
oe	15873,11775,330	0	51823
OE	15873,15060	0	51791
fo	15873,10845	0	51886
fc	15873,10845	0	51887
sq	15873,14106	0	51899
/L	15873,15060	0	51944
/l	15873,16500	2	51960
a"	15873,18195	2	51933
ho	15873,0,4263	0	51934
vZ	15873,21180	2	51802
IJ	15873,15060,2850	0	51942
