name LGB
spacewidth 13227
pcltypeface 4102
pclproportional 0
pclweight 3
pclstyle 0
charset
!	13227,18990,330	2	3617
dq	13227,18990	2	3618
"	"
sh	13227,21345,2391	2	3619
#	"
Do	13227,19320,993	2	3620
$	"
%	13227,19320,330	2	3621
&	13227,19320,330	2	3622
cq	13227,19320	2	51751
'	"
(	13227,19320,2325	2	3624
)	13227,19320,2325	2	3625
*	13227,18990	2	3626
+	13227,15645	0	3627
,	13227,2925,2640	0	3628
hy	13227,8775	0	3629
-	"
.	13227,3180,330	0	3630
sl	13227,19545,330	2	3631
/	"
0	13227,19320,330	2	3632
1	13227,19320	2	3633
2	13227,19320	2	3634
3	13227,19320,330	2	3635
4	13227,19320	2	3636
5	13227,18990,330	2	3637
6	13227,19320,330	2	3638
7	13227,18990	2	3639
8	13227,19320,330	2	3640
9	13227,19320,330	2	3641
:	13227,12654,330	0	3642
;	13227,12654,2640	0	3643
<	13227,15312	0	3644
=	13227,12534	0	3645
>	13227,15312	0	3646
?	13227,19320,330	2	3647
at	13227,19320,330	2	3648
@	"
A	13227,18990	2	3649
B	13227,18990	2	3650
C	13227,19320,330	2	3651
D	13227,18990	2	3652
E	13227,18990	2	3653
F	13227,18990	2	3654
G	13227,19320,330	2	3655
H	13227,18990	2	3656
I	13227,18990	2	3657
J	13227,18990,330	2	3658
K	13227,18990	2	3659
L	13227,18990	2	3660
M	13227,18990	2	3661
N	13227,18990	2	3662
O	13227,19320,330	2	3663
P	13227,18990	2	3664
Q	13227,19320,2760	2	3665
R	13227,18990	2	3666
S	13227,19320,330	2	3667
T	13227,18990	2	3668
U	13227,18990,330	2	3669
V	13227,18990	2	3670
W	13227,18990	2	3671
X	13227,18990	2	3672
Y	13227,18990	2	3673
Z	13227,18990	2	3674
lB	13227,18990,3510	2	3675
[	"
rs	13227,19545,330	2	3676
\	"
rB	13227,18990,3510	2	3677
]	"
ha	13227,19758	2	51875
_	13227,0,6588	1	3679
oq	13227,19320	2	51808
`	"
a	13227,14355,330	0	3681
b	13227,19545,330	2	3682
c	13227,14355,330	0	3683
d	13227,19545,330	2	3684
e	13227,14355,330	0	3685
f	13227,19335	2	3686
g	13227,14355,4350	0	3687
h	13227,19545	2	3688
i	13227,19095	2	3689
j	13227,19095,4350	2	3690
k	13227,19545	2	3691
l	13227,19545	2	3692
m	13227,14355	0	3693
n	13227,14355	0	3694
o	13227,14355,330	0	3695
p	13227,14355,5475	1	3696
q	13227,14355,5475	1	3697
r	13227,14355	0	3698
s	13227,14355,330	0	3699
t	13227,18300,330	2	3700
u	13227,14025,330	0	3701
v	13227,14025	0	3702
w	13227,14025	0	3703
x	13227,14025	0	3704
y	13227,14025,4350	0	3705
z	13227,14025	0	3706
lC	13227,20130,6141	3	3707
{	"
ba	13227,19758,6588	3	3708
|	"
rC	13227,20130,6141	3	3709
}	"
ti	13227,11181	0	51876
`A	13227,25155	2	3776
^A	13227,25080	2	3778
`E	13227,25155	2	3784
^E	13227,25080	2	3786
:E	13227,24000	2	3787
^I	13227,25080	2	3790
:I	13227,24000	2	3791
aa	13227,20745	2	3764
ga	13227,20745	2	3680
a^	13227,21015	2	3678
^	"
ad	13227,19125	2	3752
a~	13227,19683	2	3710
~	"
`U	13227,25155,330	2	3801
^U	13227,25080,330	2	3803
'Y	13227,25155	2	3805
'y	13227,20745,4350	2	3837
de	13227,19320	2	3760
,C	13227,19320,5787	3	3783
,c	13227,14355,6060	1	3815
~N	13227,24552	2	3793
~n	13227,19683	2	3825
r!	13227,14319,5001	1	3745
r?	13227,14265,5385	1	3775
Cs	13227,15885	0	3748
Po	13227,18990,330	2	3747
Ye	13227,18990	2	3749
sc	13227,19320,1218	2	3751
Fn	13227,19335,3558	2	51871
ct	13227,19320,330	2	3746
^a	13227,21015,330	2	3810
^e	13227,21015,330	2	3818
^o	13227,21015,330	2	3828
^u	13227,21015,330	2	3835
'a	13227,20745,330	2	3809
'e	13227,20745,330	2	3817
'o	13227,20745,330	2	3827
'u	13227,20745,330	2	3834
`a	13227,20745,330	2	3808
`e	13227,20745,330	2	3816
`o	13227,20745,330	2	3826
`u	13227,20745,330	2	3833
:a	13227,19125,330	2	3812
:e	13227,19125,330	2	3819
:o	13227,19125,330	2	3830
:u	13227,19125,330	2	3836
oA	13227,24882	2	3781
^i	13227,21015	2	3822
/O	13227,19320,459	2	3800
AE	13227,18990	2	3782
oa	13227,20790,330	2	3813
'i	13227,20745	2	3821
/o	13227,14901,957	0	3832
ae	13227,14355,330	0	3814
:A	13227,24000	2	3780
`i	13227,20745	2	3820
:O	13227,24000,330	2	3798
:U	13227,24000,330	2	3804
'E	13227,25155	2	3785
:i	13227,19125	2	3823
ss	13227,19335,330	2	3807
^O	13227,25080,330	2	3796
'A	13227,25155	2	3777
~A	13227,24552	2	3779
~a	13227,19683,330	2	3811
-D	13227,18990	2	3792
Sd	13227,19656,330	2	3824
'I	13227,25155	2	3789
`I	13227,25155	2	3788
'O	13227,25155,330	2	3795
`O	13227,25155,330	2	3794
~O	13227,24552,330	2	3797
~o	13227,19683,330	2	3829
vS	13227,25116,330	2	51795
vs	13227,21015,330	2	51827
'U	13227,25155,330	2	3802
:Y	13227,24000	2	51801
:y	13227,19125,4350	2	3839
TP	13227,18990	2	3806
Tp	13227,19545,5475	3	3838
mc	13227,14025,4350	0	3765
ps	13227,19635,4200	2	3766
34	13227,19110,3825	2	3774
\-	13227,10425	0	51757
14	13227,19110,3825	2	3772
12	13227,19110,3825	2	3773
Of	13227,19320	2	3754
Om	13227,19320	2	3770
Fo	13227,14115	0	3755
Fc	13227,14115	0	3771
t+-	13227,15645,30	0	3761
bb	13227,19083,5916	3	3750
co	13227,19635	2	3753
tno	13227,13020	0	3756
rg	13227,19635	2	3758
S2	13227,19110	2	3762
S3	13227,19110	2	3763
ac	13227,0,6060	1	3768
S1	13227,19110	2	3769
tmu	13227,15549	0	3799
tdi	13227,15510	0	3831
pc	13227,11376	0	3767
fm	13227,18990	2	51873
sd	13227,18990	2	51874
dg	13227,18990	2	51755
tm	13227,17850	2	51796
ah	13227,21015	2	51935
ao	13227,20790	2	51930
f/	13227,15675	0	51759
em	13227,8430	0	51789
en	13227,8430	0	51790
dd	13227,18990	2	51773
.i	13227,14025	0	51957
aq	13227,18990	2	3623
bu	13227,12714	0	51889
'C	13227,25155,330	2	20166
'c	13227,20745,330	2	20198
lq	13227,19320	2	51838
rq	13227,19320	2	51746
Bq	13227,3486,2079	0	51772
vz	13227,21015	2	51834
fi	13227,19335	2	51881
fl	13227,19335	2	51882
ff	13227,19335	2	51883
Fi	13227,19335	2	51884
Fl	13227,19335	2	51885
ij	13227,19095,4350	2	51958
bq	13227,3486,2079	0	51756
%0	13227,19320,330	2	51901
a-	13227,19119	2	3759
ab	13227,19830	2	51926
a.	13227,19125	2	51927
oe	13227,14355,330	0	51823
OE	13227,19320,330	2	51791
fo	13227,14115	0	51886
fc	13227,14115	0	51887
sq	13227,14106	0	51899
/L	13227,18990	2	51944
/l	13227,19545	2	51960
a"	13227,20745	2	51933
ho	13227,1026,5109	1	51934
vZ	13227,25116	2	51802
IJ	13227,18990,330	2	51942
