name LGI
spacewidth 13227
slant 12.000000
pcltypeface 4102
pclproportional 0
pclweight 0
pclstyle 1
charset
!	13227,18990,330,0,-2748	2	3617
dq	13227,18990,0,372,-3960,372	2	3618
"	"
sh	13227,21309,2451,1827,1062,790	2	3619
#	"
Do	13227,19320,1074,762,288,762	2	3620
$	"
%	13227,19320,330,2535,882,790	2	3621
&	13227,19320,330,54,699,54	2	3622
cq	13227,19320,0,0,-5469	2	51751
'	"
(	13227,19320,1935,318,-2952,318	2	3624
)	13227,19320,1935,318,-2952,318	2	3625
*	13227,18990,0,1995,-828,790	2	3626
+	13227,15075,0,960,-93,790	0	3627
,	13227,1785,2250,0,-2769	0	3628
hy	13227,7995,0,0,-2511	0	3629
-	"
.	13227,2100,330,0,-3873	0	3630
sl	13227,19545,330,0,-1410	2	3631
/	"
0	13227,19320,330,564,-456,564	2	3632
1	13227,19320,0,0,60	2	3633
2	13227,19320,0,1578,1365,790	2	3634
3	13227,19320,330,420,888,420	2	3635
4	13227,19320,0,585,750,585	2	3636
5	13227,18990,330,1215,153,790	2	3637
6	13227,19320,330,1800,-93,790	2	3638
7	13227,18990,0,2184,-963,790	2	3639
8	13227,19320,330,996,423,790	2	3640
9	13227,19320,330,741,90,741	2	3641
:	13227,12492,330,0,-3039	0	3642
;	13227,12492,2250,0,-2772	0	3643
<	13227,15063,0,390,387,390	0	3644
=	13227,11721,0,1065,-288,790	0	3645
>	13227,15063,0,390,387,390	0	3646
?	13227,19320,330,981,-2730,790	2	3647
at	13227,19320,330,993,87,790	2	3648
@	"
A	13227,18990,0,0,2541	2	3649
B	13227,18990,0,1095,831,790	2	3650
C	13227,19320,330,1524,-12,790	2	3651
D	13227,18990,0,1089,1263,790	2	3652
E	13227,18990,0,1995,642,790	2	3653
F	13227,18990,0,2535,594,790	2	3654
G	13227,19320,330,1350,519,790	2	3655
H	13227,18990,0,2316,1050,790	2	3656
I	13227,18990,0,558,-663,558	2	3657
J	13227,18990,330,2118,-39,790	2	3658
K	13227,18990,0,1590,765,790	2	3659
L	13227,18990,0,0,153	2	3660
M	13227,18990,0,2853,1941,790	2	3661
N	13227,18990,0,2097,882,790	2	3662
O	13227,19320,330,1485,273,790	2	3663
P	13227,18990,0,1152,771,790	2	3664
Q	13227,19320,2778,1485,273,790	2	3665
R	13227,18990,0,987,981,790	2	3666
S	13227,19320,330,1608,1134,790	2	3667
T	13227,18990,0,3171,-1431,790	2	3668
U	13227,18990,330,2220,108,790	2	3669
V	13227,18990,0,2217,-2733,790	2	3670
W	13227,18990,0,3045,702,790	2	3671
X	13227,18990,0,2355,1296,790	2	3672
Y	13227,18990,0,2553,-2397,790	2	3673
Z	13227,18990,0,1956,1203,790	2	3674
lB	13227,18990,2940,1110,-33,790	2	3675
[	"
rs	13227,19545,330,0,-3072	2	3676
\	"
rB	13227,18990,2940,342,735,342	2	3677
]	"
ha	13227,19758,0,9,9,9	2	51875
_	13227,0,6588,1317,1317,790	1	3679
oq	13227,19326,0,0,-6222	2	51808
`	"
a	13227,14355,330,0,105	0	3681
b	13227,19545,330,312,1671,312	2	3682
c	13227,14355,330,810,261,790	0	3683
d	13227,19545,330,2121,363,790	2	3684
e	13227,14355,330,387,303,387	0	3685
f	13227,19335,0,3231,-1785,790	2	3686
g	13227,14355,4350,1545,1053,790	0	3687
h	13227,19545,0,168,723,168	2	3688
i	13227,18780,0,0,-2319	2	3689
j	13227,18780,4350,906,936,790	2	3690
k	13227,19545,0,495,504,495	2	3691
l	13227,19545,0,0,-3603	2	3692
m	13227,14355,0,1770,2205,790	0	3693
n	13227,14355,0,267,774,267	0	3694
o	13227,14355,330,372,252,372	0	3695
p	13227,14355,5475,213,2205,213	1	3696
q	13227,14355,5475,1668,318,790	1	3697
r	13227,14355,0,684,-81,684	0	3698
s	13227,14355,330,57,480,57	0	3699
t	13227,18495,330,0,-933	2	3700
u	13227,14025,330,714,249,714	0	3701
v	13227,14025,0,1437,-1767,790	0	3702
w	13227,14025,0,2574,279,790	0	3703
x	13227,14025,0,1050,2112,790	0	3704
y	13227,14025,4350,1986,3579,790	0	3705
z	13227,14025,0,984,1395,790	0	3706
lC	13227,20130,6075,1170,-2529,790	3	3707
{	"
ba	13227,19758,6588,0,-4623	3	3708
|	"
rC	13227,20130,6075,0,975	3	3709
}	"
ti	13227,10485,0,825,822,790	0	51876
`A	13227,24630,0,0,2541	2	3776
^A	13227,24810,0,2133,2541,790	2	3778
`E	13227,24630,0,1995,642,790	2	3784
^E	13227,24810,0,2133,642,790	2	3786
:E	13227,23115,0,1995,642,790	2	3787
^I	13227,24810,0,2133,-663,790	2	3790
:I	13227,23115,0,1143,-663,790	2	3791
aa	13227,19725,0,753,-5706,753	2	3764
ga	13227,19725,0,0,-4728	2	3680
a^	13227,19905,0,1089,-3117,790	2	3678
^	"
ad	13227,18195,0,0,-4341	2	3752
a~	13227,18873,0,1833,-2406,790	2	3710
~	"
`U	13227,24630,330,2220,108,790	2	3801
^U	13227,24810,330,2220,108,790	2	3803
'Y	13227,24630,0,2553,-2397,790	2	3805
'y	13227,19725,4350,1986,3579,790	2	3837
de	13227,19320,0,0,-2637	2	3760
,C	13227,19320,5325,1524,-12,790	3	3783
,c	13227,14355,5295,810,261,790	1	3815
~N	13227,23814,0,3201,882,790	2	3793
~n	13227,18873,0,1833,774,790	2	3825
r!	13227,14271,5049,0,-1647	1	3745
r?	13227,14214,5436,0,-126	1	3775
Cs	13227,15684,0,1425,528,790	0	3748
Po	13227,19320,330,2433,234,790	2	3747
Ye	13227,18990,0,2712,-1056,790	2	3749
sc	13227,19320,1344,66,-891,66	2	3751
Fn	13227,19335,3540,231,-492,231	2	51871
ct	13227,19320,330,891,-780,790	2	3746
^a	13227,19905,330,1089,105,790	2	3810
^e	13227,19905,330,1089,303,790	2	3818
^o	13227,19905,330,1089,252,790	2	3828
^u	13227,19905,330,1089,249,790	2	3835
'a	13227,19725,330,753,105,753	2	3809
'e	13227,19725,330,753,303,753	2	3817
'o	13227,19725,330,753,252,753	2	3827
'u	13227,19725,330,753,249,753	2	3834
`a	13227,19725,330,0,105	2	3808
`e	13227,19725,330,387,303,387	2	3816
`o	13227,19725,330,372,252,372	2	3826
`u	13227,19725,330,714,249,714	2	3833
:a	13227,18195,330,0,105	2	3812
:e	13227,18195,330,387,303,387	2	3819
:o	13227,18195,330,372,252,372	2	3830
:u	13227,18195,330,714,249,714	2	3836
oA	13227,24810,0,0,2541	2	3781
^i	13227,19905,0,0,-1917	2	3822
/O	13227,19320,342,2895,1743,790	2	3800
AE	13227,18990,0,4059,2670,790	2	3782
oa	13227,19905,330,0,105	2	3813
'i	13227,19725,0,3,-2319,3	2	3821
/o	13227,14895,735,1119,1086,790	0	3832
ae	13227,14355,330,1530,1950,790	0	3814
:A	13227,23115,0,1143,2541,790	2	3780
`i	13227,19725,0,0,-2319	2	3820
:O	13227,23115,330,1485,273,790	2	3798
:U	13227,23115,330,2220,108,790	2	3804
'E	13227,24630,0,1995,642,790	2	3785
:i	13227,18195,0,0,-2319	2	3823
ss	13227,19335,330,570,270,570	2	3807
^O	13227,24810,330,2133,273,790	2	3796
'A	13227,24630,0,1389,2541,790	2	3777
~A	13227,23814,0,3201,2541,790	2	3779
~a	13227,18873,330,1833,105,790	2	3811
-D	13227,18990,0,1389,963,790	2	3792
Sd	13227,19545,330,192,237,192	2	3824
'I	13227,24630,0,1389,-663,790	2	3789
`I	13227,24630,0,558,-663,558	2	3788
'O	13227,24630,330,1485,273,790	2	3795
`O	13227,24630,330,1485,273,790	2	3794
~O	13227,23814,330,3201,273,790	2	3797
~o	13227,18873,330,1833,252,790	2	3829
vS	13227,24810,330,2433,1134,790	2	51795
vs	13227,19905,330,1539,480,790	2	51827
'U	13227,24630,330,2220,108,790	2	3802
:Y	13227,23115,0,2553,-2397,790	2	51801
:y	13227,18195,4350,1986,3579,790	2	3839
TP	13227,18990,0,378,771,378	2	3806
Tp	13227,19545,5475,231,2223,231	3	3838
mc	13227,14025,4350,765,1659,765	0	3765
ps	13227,19635,4200,696,-408,696	2	3766
34	13227,19110,3825,1413,627,790	2	3774
\-	13227,9945,0,1065,-288,790	0	51757
14	13227,19110,3825,918,873,790	2	3772
12	13227,19110,3825,1269,1023,790	2	3773
Of	13227,19320,0,0,-3066	2	3754
Om	13227,19320,0,0,-3330	2	3770
Fo	13227,13710,0,2418,1104,790	0	3755
Fc	13227,13710,0,1107,2415,790	0	3771
t+-	13227,15075,0,1110,-243,790	0	3761
bb	13227,19083,5916,0,-4623	3	3750
co	13227,19635,0,3927,-2190,790	2	3753
tno	13227,12501,0,1065,-288,790	0	3756
rg	13227,19635,0,3927,-2190,790	2	3758
S2	13227,19110,0,0,-2379	2	3762
S3	13227,19110,0,0,-2073	2	3763
ac	13227,0,5295,0,-1200	1	3768
S1	13227,19110,0,0,-2727	2	3769
tmu	13227,14814,0,897,-483,790	0	3799
tdi	13227,14655,0,1104,-252,790	0	3831
pc	13227,11007,0,0,-4590	0	3767
fm	13227,18990,0,0,-3444	2	51873
sd	13227,18990,0,0,-3444	2	51874
dg	13227,18990,0,0,-2019	2	51755
tm	13227,17850,0,4395,-2058,790	2	51796
ah	13227,19905,0,1539,-3567,790	2	51935
ao	13227,19905,0,0,-5466	2	51930
f/	13227,15675,777,0,-339	0	51759
em	13227,7710,0,1317,1317,790	0	51789
en	13227,7710,0,0,-1215	0	51790
dd	13227,18990,0,0,-1713	2	51773
.i	13227,14025,0,0,-2319	0	51957
aq	13227,18990,0,0,-6060	2	3623
bu	13227,12714,0,0,-519	0	51889
'C	13227,24630,330,1524,-12,790	2	20166
'c	13227,19725,330,810,261,790	2	20198
lq	13227,19326,0,1812,-4197,790	2	51838
rq	13227,19320,0,1512,-3897,790	2	51746
Bq	13227,2214,2091,0,-897	0	51772
vz	13227,19905,0,1539,1395,790	2	51834
fi	13227,19335,0,1065,-339,790	2	51881
fl	13227,19335,0,1065,-339,790	2	51882
ff	13227,19335,0,5175,606,790	2	51883
Fi	13227,19335,0,3579,1149,790	2	51884
Fl	13227,19335,0,2703,1155,790	2	51885
ij	13227,18780,4350,2355,645,790	2	51958
bq	13227,2214,2091,0,-2922	0	51756
%0	13227,19320,330,1920,4113,790	2	51901
a-	13227,18051,0,1086,-3930,790	2	3759
ab	13227,19350,0,1683,-3297,790	2	51926
a.	13227,18195,0,0,-6561	2	51927
oe	13227,14355,330,1629,1671,790	0	51823
OE	13227,19320,330,4059,783,790	2	51791
fo	13227,13710,0,0,-1182	0	51886
fc	13227,13710,0,0,-663	0	51887
sq	13227,14106,0,876,876,790	0	51899
/L	13227,18990,0,0,885	2	51944
/l	13227,19545,0,0,-2769	2	51960
a"	13227,19725,0,3210,-3906,790	2	51933
ho	13227,735,4086,0,-4818	0	51934
vZ	13227,24810,0,2433,1203,790	2	51802
IJ	13227,18990,330,2259,3129,790	2	51942
