name MARIGOLD
spacewidth 5856
pcltypeface 4297
pclproportional 1
pclweight 0
pclstyle 0
ligatures fi fl ff ffi ffl 0
charset
!	7806,12570,330	0	3617
dq	6342,11790	0	3618
"	"
sh	9759,11610	0	3619
#	"
Do	9759,14325,3315	0	3620
$	"
%	17076,11940,330	0	3621
&	12684,12120,330	0	3622
cq	3903,11790	0	51751
'	"
(	6831,16770,2235	2	3624
)	6831,16770,2235	2	3625
*	9759,11940	0	3626
+	11709,8445,360	0	3627
,	5856,1650,4590	0	3628
hy	6831,6345	0	3629
-	"
.	5856,2535,330	0	3630
sl	8781,16770,3240	2	3631
/	"
0	9759,11940,330	0	3632
1	9759,11940,60	0	3633
2	9759,11940,450	0	3634
3	9759,11940,330	0	3635
4	9759,11940,1080	0	3636
5	9759,12060,330	0	3637
6	9759,12660,330	0	3638
7	9759,12480,30	0	3639
8	9759,11940,330	0	3640
9	9759,11940,1050	0	3641
:	5856,8475,330	0	3642
;	5856,8475,4590	0	3643
<	26346,16068	2	3644
=	11709,6510	0	3645
>	26346,16068	2	3646
?	8295,12120,330	0	3647
at	18051,12354,3126	0	3648
@	"
A	12198,12120,225	0	3649
B	10734,12120,60	0	3650
C	10734,12120,330	0	3651
D	12684,12015,225	0	3652
E	10245,11910,225	0	3653
F	9759,12120,60	0	3654
G	12198,12120,330	0	3655
H	12198,12015,60	0	3656
I	6342,11850,60	0	3657
J	6342,11850,4128	0	3658
K	12198,11850,60	0	3659
L	8781,11850,225	0	3660
M	16101,12120,225	0	3661
N	13173,12120,330	0	3662
O	11709,12120,330	0	3663
P	9759,12120,60	0	3664
Q	11709,12120,3744	0	3665
R	11709,12120,330	0	3666
S	9759,12120,330	0	3667
T	10245,12120,60	0	3668
U	12684,11910,330	0	3669
V	12198,12120,330	0	3670
W	16101,12120,330	0	3671
X	12198,11910,120	0	3672
Y	10734,12120,60	0	3673
Z	10734,12345,330	0	3674
lB	6342,16860,1260	2	3675
[	"
rs	8781,16770,3240	2	3676
\	"
rB	6342,16860,1260	2	3677
]	"
ha	13173,19758	2	51875
_	13173,191367,6588	2	3679
oq	3903,11790	0	51808
`	"
a	8295,10350,330	0	3681
b	6831,17430,330	2	3682
c	6342,10350,330	0	3683
d	7806,17430,330	2	3684
e	6342,10350,330	0	3685
f	3903,17430,7950	3	3686
g	7806,10350,7950	1	3687
h	8295,17433,330	2	3688
i	4878,13635,330	0	3689
j	3903,13635,7950	1	3690
k	6831,17430,330	2	3691
l	3903,17430,330	2	3692
m	11220,10350,330	0	3693
n	7806,10350,330	0	3694
o	6831,10350,330	0	3695
p	7806,10350,7950	1	3696
q	7317,10575,7950	1	3697
r	6342,10350	0	3698
s	5367,10350,330	0	3699
t	5367,14325,330	0	3700
u	7806,10350,330	0	3701
v	7317,10350,330	0	3702
w	9759,10350,330	0	3703
x	7317,13590,330	0	3704
y	7317,10350,7950	1	3705
z	7317,10350,330	0	3706
lC	8295,16380,2670	2	3707
{	"
ba	13173,19758,6588	2	3708
|	"
rC	8295,16380,2670	2	3709
}	"
ti	26346,8952	0	51876
`A	12198,17040,225	2	3776
^A	12198,17520,225	2	3778
`E	10245,17040,225	2	3784
^E	10245,17520,225	2	3786
:E	10245,16320,225	2	3787
^I	6342,17520,60	2	3790
:I	6342,16320,60	2	3791
aa	11709,15030	0	3764
ga	11709,15030	0	3680
a^	11709,15300	0	3678
^	"
ad	11709,14580	0	3752
a~	11709,13782	0	3710
~	"
`U	12684,17040,330	2	3801
^U	12684,17520,330	2	3803
'Y	10734,17040,60	2	3805
'y	7317,15030,7950	1	3837
de	7806,11940	0	3760
,C	10734,12120,4140	0	3783
,c	6342,10350,4320	0	3815
~N	13173,15828,330	2	3793
~n	7806,13782,330	0	3825
r!	7806,8313,4587	0	3745
r?	8295,8202,4248	0	3775
Cs	9759,10668	0	3748
Po	9759,11940,225	0	3747
Ye	9759,12165,60	0	3749
sc	9759,12120,4596	0	3751
Fn	9759,17430,7950	3	51871
ct	9759,12516,2580	0	3746
^a	8295,15300,330	0	3810
^e	6342,15300,330	0	3818
^o	6831,15300,330	0	3828
^u	7806,15300,330	0	3835
'a	8295,15030,330	0	3809
'e	6342,15030,330	0	3817
'o	6831,15030,330	0	3827
'u	7806,15030,330	0	3834
`a	8295,15030,330	0	3808
`e	6342,15030,330	0	3816
`o	6831,15030,330	0	3826
`u	7806,15030,330	0	3833
:a	8295,14580,330	0	3812
:e	6342,14580,330	0	3819
:o	6831,14580,330	0	3830
:u	7806,14580,330	0	3836
oA	12198,16815,225	2	3781
^i	4878,15300,330	0	3822
/O	11709,12849,984	0	3800
AE	17565,11910,225	0	3782
oa	8295,14685,330	0	3813
'i	4878,15030,330	0	3821
/o	6831,11724,1635	0	3832
ae	10734,10350,330	0	3814
:A	12198,16320,225	2	3780
`i	4878,15030,330	0	3820
:O	11709,16320,330	2	3798
:U	12684,16320,330	2	3804
'E	10245,17040,225	2	3785
:i	4878,14580,330	0	3823
ss	9270,18135,7350	3	3807
^O	11709,17520,330	2	3796
'A	12198,17040,225	2	3777
~A	12198,15828,225	2	3779
~a	8295,13782,330	0	3811
-D	12684,12015,225	0	3792
Sd	7317,17430,330	2	3824
'I	6342,17040,60	2	3789
`I	6342,17040,60	2	3788
'O	11709,17040,330	2	3795
`O	11709,17040,330	2	3794
~O	11709,15828,330	2	3797
~o	6831,13782,330	0	3829
vS	9759,17520,330	2	51795
vs	5367,15330,330	0	51827
'U	12684,17040,330	2	3802
:Y	10734,16320,60	2	51801
:y	7317,14580,7950	1	3839
TP	9759,11850,60	0	3806
Tp	7806,17430,7950	3	3838
mc	14637,10800,5595	0	3765
ps	11709,12450,4455	0	3766
34	17076,11940,840	0	3774
\-	11709,4770	0	51757
14	17076,11940,840	0	3772
12	17076,11940,330	0	3773
Of	6342,11940	0	3754
Om	6342,11940	0	3770
Fo	9270,8535	0	3755
Fc	9270,8535	0	3771
t+-	11709,8445,2595	0	3761
bb	13173,19083,5916	2	3750
co	7806,15960	2	3753
no	11709,6780	0	3756
rg	7806,15960	2	3758
S2	7317,11850	0	3762
S3	7317,11850	0	3763
ac	11709,0,4320	0	3768
S1	7317,11850	0	3769
tmu	11709,7815	0	3799
tdi	11709,8700,360	0	3831
pc	5856,7662	0	3767
fm	4878,11610	0	51873
sd	7806,11610	0	51874
dg	9759,12315,3795	0	51755
tm	9759,14445	0	51796
ah	11709,15330	0	51935
ao	11709,14685	0	51930
f/	1953,11940,330	0	51759
em	18051,6345	0	51789
en	11709,6345	0	51790
dd	9759,12315,3795	0	51773
.i	4878,10350,330	0	51957
aq	3903,11790	0	3623
bu	13173,14226	0	51889
'C	10734,17040,330	2	20166
'c	6342,15030,330	0	20198
lq	6342,11790	0	51838
rq	6342,11790	0	51746
Bq	6342,1650,2550	0	51772
vz	7317,15330,330	0	51834
fi	7806,17430,7950	3	51881
fl	7806,17430,7950	3	51882
ff	7806,17430,7950	3	51883
Fi	11709,17430,7950	3	51884
Fl	11709,17430,7950	3	51885
ij	8781,13635,7950	1	51958
bq	3903,1650,2550	0	51756
%0	22932,11940,330	0	51901
a-	11709,13674	0	3759
ab	11709,14700	0	51926
a.	11709,14580	0	51927
oe	10734,10350,330	0	51823
OE	16587,12120,330	0	51791
fo	5856,8535	0	51886
fc	5856,8535	0	51887
sq	19029,15624	0	51899
/L	8781,11850,225	0	51944
/l	4878,17430,330	2	51960
a"	11709,15030	0	51933
ho	11709,1341,4410	0	51934
vZ	10734,17520,330	2	51802
IJ	12684,11850,4128	0	51942
